Variables = mach, temperature_ratio(TbyT0),pressure_ratio(pbyp0),density_ratio(rhobyrho0) 
 zone t=gamma1.66 i= 500 f=point
1.000000000000000056e-01	9.967108541812019773e-01	9.917479019878916446e-01	9.950206700644517177e-01
1.398797595190380827e-01	9.935845294661057592e-01	9.839424567897335772e-01	9.902956694771070101e-01
1.797595190380761321e-01	9.894490594801325090e-01	9.736745167468158213e-01	9.840572462198258208e-01
2.196392785571142092e-01	9.843297981957130904e-01	9.610536920802535965e-01	9.763533460450705137e-01
2.595190380761522864e-01	9.782576913507819993e-01	9.462121719083104177e-01	9.672422514785208314e-01
2.993987975951903913e-01	9.712688182207214194e-01	9.293018231434280185e-01	9.567915758335850951e-01
3.392785571142283851e-01	9.634038708337241408e-01	9.104909634898575854e-01	9.450771281434898752e-01
3.791583166332664900e-01	9.547075842254832967e-01	8.899609218574126013e-01	9.321816821842919820e-01
4.190380761523045949e-01	9.452281319870098342e-01	8.679025006755030081e-01	9.181936839427780050e-01
4.589178356713425888e-01	9.350165014729454604e-01	8.445124503092118484e-01	9.032059316373975966e-01
4.987975951903806937e-01	9.241258626416315458e-01	8.199900567411904095e-01	8.873142608488773231e-01
5.386773547094187986e-01	9.126109436510555506e-01	7.945339308357577401e-01	8.706162646451394149e-01
5.785571142284567925e-01	9.005274251131750729e-01	7.683390719412309666e-01	8.532100750231663699e-01
6.184368737474948974e-01	8.879313634009230460e-01	7.415942614584106751e-01	8.351932277940748994e-01
6.583166332665330023e-01	8.748786517000594065e-01	7.144798244090978523e-01	8.166616284678162030e-01
6.981963927855709962e-01	8.614245256931197803e-01	6.871657799611655681e-01	7.977086319991387731e-01
7.380761523046091011e-01	8.476231189396490340e-01	6.598103861161290773e-01	7.784242446590318165e-01
7.779559118236472059e-01	8.335270712497806489e-01	6.325590699480091450e-01	7.588944519816944734e-01
8.178356713426851998e-01	8.191871916979386326e-01	6.055437232931687452e-01	7.392006728499397328e-01
8.577154308617233047e-01	8.046521764364406026e-01	5.788823348222337239e-01	7.194193364217658093e-01
8.975951903807614096e-01	7.899683801768463409e-01	5.526789229913792179e-01	6.996215758251662642e-01
9.374749498997994035e-01	7.751796391279438536e-01	5.270237303401117401e-01	6.798730303765448957e-01
9.773547094188375084e-01	7.603271423189168488e-01	5.019936377370172176e-01	6.602337464975801540e-01
1.017234468937875613e+00	7.454493475896623034e-01	4.776527571636108305e-01	6.407581664777820540e-01
1.057114228456913718e+00	7.305819380845297584e-01	4.540531631227459064e-01	6.214951936988770687e-01
1.096993987975951823e+00	7.157578148219906344e-01	4.312357254076534252e-01	6.024883228343123065e-01
1.136873747494989928e+00	7.010071208082107042e-01	4.092310094316909952e-01	5.837758237888897028e-01
1.176753507014028033e+00	6.863572921924537829e-01	3.880602142900781426e-01	5.653909686753447739e-01
1.216633266533066138e+00	6.718331321015462709e-01	3.677361229381808649e-01	5.473622918653530123e-01
1.256513026052104021e+00	6.574569030149612914e-01	3.482640431082992816e-01	5.297138740368113607e-01
1.296392785571142126e+00	6.432484338288135817e-01	3.296427216782543135e-01	5.124656421098748860e-01
1.336272545090180230e+00	6.292252380859464367e-01	3.118652190256820944e-01	4.956336779725356578e-01
1.376152304609218335e+00	6.154026402027050757e-01	2.949197333679374200e-01	4.792305299028209453e-01
1.416032064128256440e+00	6.017939068862016017e-01	2.787903681500952802e-01	4.632655215680243077e-01
1.455911823647294545e+00	5.884103812968438652e-01	2.634578381825634641e-01	4.477450543987819831e-01
1.495791583166332650e+00	5.752616178602747432e-01	2.489001124476057647e-01	4.326728999814152266e-01
1.535671342685370533e+00	5.623555159636680623e-01	2.350929933095304569e-01	4.180504798760060758e-01
1.575551102204408638e+00	5.496984510786411260e-01	2.220106333067479731e-01	4.038771309453564329e-01
1.615430861723446743e+00	5.372954021337982278e-01	2.096259918128164923e-01	3.901503548705503865e-01
1.655310621242484848e+00	5.251500742124763921e-01	1.979112346689484714e-01	3.768660510345340220e-01
1.695190380761522952e+00	5.132650158752140035e-01	1.868380804541332207e-01	3.640187323804621733e-01
1.735070140280561057e+00	5.016417306022871170e-01	1.763780974116841427e-01	3.516017242024879752e-01
1.774949899799598940e+00	4.902807820205479783e-01	1.665029552307973615e-01	3.396073461101297708e-01
1.814829659318637045e+00	4.791818927224173463e-01	1.571846359232563217e-01	3.280270776306460356e-01
1.854709418837675150e+00	4.683440366052092352e-01	1.483956079695131769e-01	3.168517080844210354e-01
1.894589178356713255e+00	4.577655247581519649e-01	1.401089677616833007e-01	3.060714714934159031e-01
1.934468937875751360e+00	4.474440850047502471e-01	1.322985521661793895e-01	2.956761673691022940e-01
1.974348697394789465e+00	4.373769352716944114e-01	1.249390257846410140e-01	2.856552682802764864e-01
2.014228456913827348e+00	4.275608510045171284e-01	1.180059462238854801e-01	2.759980151284682215e-01
2.054108216432865230e+00	4.179922268866126389e-01	1.114758104061010363e-01	2.666935010644125859e-01
2.093987975951903557e+00	4.086671331439377108e-01	1.053260846690050184e-01	2.577307449677090356e-01
2.133867735470941884e+00	3.995813667344031428e-01	9.953522112946854017e-02	2.490987553872309745e-01
2.173747494989979767e+00	3.907304977301539473e-01	9.408266251847560713e-02	2.407865858053672703e-01
2.213627254509017650e+00	3.821099112039859080e-01	8.894883744395699898e-02	2.327833820475607718e-01
2.253507014028055977e+00	3.737148449292426178e-01	8.411514780342721487e-02	2.250784226121741449e-01
2.293386773547093860e+00	3.655404231967036011e-01	7.956394985182779767e-02	2.176611526463464452e-01
2.333266533066132187e+00	3.575816870431084982e-01	7.527853023212061068e-02	2.105212122427436994e-01
2.373146292585170070e+00	3.498336211748125923e-01	7.124307809693390670e-02	2.036484596811624914e-01
2.413026052104207952e+00	3.422911778572675923e-01	6.744265428844710419e-02	1.970329901887511448e-01
2.452905811623246279e+00	3.349492980271108755e-01	6.386315839990280852e-02	1.906651507439006410e-01
2.492785571142284162e+00	3.278029298690461335e-01	6.049129441461739698e-02	1.845355514021275734e-01
2.532665330661322489e+00	3.208470450847762390e-01	5.731453550597331165e-02	1.786350735779077825e-01
2.572545090180360372e+00	3.140766530662895129e-01	5.432108848339130269e-02	1.729548756746532023e-01
2.612424849699398699e+00	3.074868131710197794e-01	5.149985828344994659e-02	1.674863964159869489e-01
2.652304609218436582e+00	3.010726452819837973e-01	4.884041283092709768e-02	1.622213561952242089e-01
2.692184368737474465e+00	2.948293388220696865e-01	4.633294853039832129e-02	1.571517567264917592e-01
2.732064128256512792e+00	2.887521603783100299e-01	4.396825659402991276e-02	1.522698792501662457e-01
2.771943887775550674e+00	2.828364600792811490e-01	4.173769036430140938e-02	1.475682815171778517e-01
2.811823647294589001e+00	2.770776768567738690e-01	3.963313375062772065e-02	1.430397937511030393e-01
2.851703406813626884e+00	2.714713427116021704e-01	3.764697086534178616e-02	1.386775137637126787e-01
2.891583166332665211e+00	2.660130860928571206e-01	3.577205691644758101e-02	1.344748013786082053e-01
2.931462925851703094e+00	2.606986344900752983e-01	3.400169039124580073e-02	1.304252722986173618e-01
2.971342685370740977e+00	2.555238163286517317e-01	3.232958654572445217e-02	1.265227915355745525e-01
3.011222444889779304e+00	2.504845622503720781e-01	3.074985219892812510e-02	1.227614665058362892e-01
3.051102204408817187e+00	2.455769058531332427e-01	2.925696181886446035e-02	1.191356398812252887e-01
3.090981963927855514e+00	2.407969839567404846e-01	2.784573487643193096e-02	1.156398822729210324e-01
3.130861723446893397e+00	2.361410364550757812e-01	2.651131443597090284e-02	1.122689848149899666e-01
3.170741482965931279e+00	2.316054058088925227e-01	2.524914694500716289e-02	1.090179517046389740e-01
3.210621242484969606e+00	2.271865362279744949e-01	2.405496318128359096e-02	1.058819927477796935e-01
3.250501002004007489e+00	2.228809725863591940e-01	2.292476031199964376e-02	1.028565159509838012e-01
3.290380761523045816e+00	2.186853591097425720e-01	2.185478501808452503e-02	9.993712019430237015e-02
3.330260521042083699e+00	2.145964378700150332e-01	2.084151763512597649e-02	9.711958801361865457e-02
3.370140280561122026e+00	2.106110471180943355e-01	1.988165726210006784e-02	9.439987851611586489e-02
3.410020040080159909e+00	2.067261194827964832e-01	1.897210778916202240e-02	9.177412044800101198e-02
3.449899799599197792e+00	2.029386800603810714e-01	1.810996479634305323e-02	8.923860542975210752e-02
3.489779559118236119e+00	1.992458444166083642e-01	1.729250327595709125e-02	8.678978137079605693e-02
3.529659318637274001e+00	1.956448165206149947e-01	1.651716613276766818e-02	8.442424607261321545e-02
3.569539078156312328e+00	1.921328866276371672e-01	1.578155341743020523e-02	8.213874102675411404e-02
3.609418837675350211e+00	1.887074291255600167e-01	1.508341225034921622e-02	7.993014541209811363e-02
3.649298597194388538e+00	1.853659003584270104e-01	1.442062739482458285e-02	7.779547029383818146e-02
3.689178356713426421e+00	1.821058364383917327e-01	1.379121244016663118e-02	7.573185302510791750e-02
3.729058116232464304e+00	1.789248510561077810e-01	1.319330155730212215e-02	7.373655185083777264e-02
3.768937875751502631e+00	1.758206332982274744e-01	1.262514179124704476e-02	7.180694071231240316e-02
3.808817635270540514e+00	1.727909454794914201e-01	1.208508585666485773e-02	6.994050424997085014e-02
3.848697394789578841e+00	1.698336209958310472e-01	1.157158540454374454e-02	6.813483300122177844e-02
3.888577154308616723e+00	1.669465622039620900e-01	1.108318472980099854e-02	6.638761878942099626e-02
3.928456913827654606e+00	1.641277383321043948e-01	1.061851489134495348e-02	6.469665029965201986e-02
3.968336673346692933e+00	1.613751834257175222e-01	1.017628821778960961e-02	6.305980883655412650e-02
4.008216432865730816e+00	1.586869943314767051e-01	9.755293173616600214e-03	6.147506425913546596e-02
4.048096192384768699e+00	1.560613287221261636e-01	9.354389562111419323e-03	5.994047108728200318e-02
4.087975951903806582e+00	1.534964031643298310e-01	8.972504042863123710e-03	5.845416477451498977e-02
4.127855711422844465e+00	1.509904912311778868e-01	8.608625943007545273e-03	5.701435814144801412e-02
4.167735470941883236e+00	1.485419216606072290e-01	8.261803342714382770e-03	5.561933796434369304e-02
4.207615230460921119e+00	1.461490765606392739e-01	7.931139416668392741e-03	5.426746171316142175e-02
4.247494989979959001e+00	1.438103896620278599e-01	7.615789014475509745e-03	5.295715443351171892e-02
4.287374749498996884e+00	1.415243446186416065e-01	7.314955464038706487e-03	5.168690576698969225e-02
4.327254509018034767e+00	1.392894733556686582e-01	7.027887582996838328e-03	5.045526710443852536e-02
4.367134268537073538e+00	1.371043544655289326e-01	6.753876884305719600e-03	4.926084886679358427e-02
4.407014028056111421e+00	1.349676116512033841e-01	6.492254962966619893e-03	4.810231790827375342e-02
4.446893787575149304e+00	1.328779122165397175e-01	6.242391051775719041e-03	4.697839503681415507e-02
4.486773547094187187e+00	1.308339656029658959e-01	6.003689734782013433e-03	4.588785264677410630e-02
4.526653306613225070e+00	1.288345219719336243e-01	5.775588807902787107e-03	4.482951245909840010e-02
4.566533066132263841e+00	1.268783708323248383e-01	5.557557276858696854e-03	4.380224336426294385e-02
4.606412825651301723e+00	1.249643397119774152e-01	5.349093483256485253e-03	4.280495936348943653e-02
4.646292585170339606e+00	1.230912928724247762e-01	5.149723350269748250e-03	4.183661760387115403e-02
4.686172344689377489e+00	1.212581300658965161e-01	4.958998739949298934e-03	4.089621650320995894e-02
4.726052104208415372e+00	1.194637853335859812e-01	4.776495914736753751e-03	3.998279396052160928e-02
4.765931863727454143e+00	1.177072258441626412e-01	4.601814096260771134e-03	3.909542564832253070e-02
4.805811623246492026e+00	1.159874507714862280e-01	4.434574114967012627e-03	3.823322338296605144e-02
4.845691382765529909e+00	1.143034902104641815e-01	4.274417144572295081e-03	3.739533356944670095e-02
4.885571142284567792e+00	1.126544041299879090e-01	4.121003515743119905e-03	3.658093571724048421e-02
4.925450901803606563e+00	1.110392813618800156e-01	3.974011603780242333e-03	3.578924102389342138e-02
4.965330661322644445e+00	1.094572386247873591e-01	3.833136785446303492e-03	3.501949102321188362e-02
5.005210420841682328e+00	1.079074195819606230e-01	3.698090460404452207e-03	3.427095629504495200e-02
5.045090180360720211e+00	1.063889939318728578e-01	3.568599133044093961e-03	3.354293523378251707e-02
5.084969939879758094e+00	1.049011565306398192e-01	3.444403550756583096e-03	3.283475287282014432e-02
5.124849699398796865e+00	1.034431265452219195e-01	3.325257894990758020e-03	3.214575976236626331e-02
5.164729458917834748e+00	1.020141466364051924e-01	3.210929021666806323e-03	3.147533089808682988e-02
5.204609218436872631e+00	1.006134821705760851e-01	3.101195747758070474e-03	3.082286469819646435e-02
5.244488977955910514e+00	9.924042045932775225e-02	2.995848181065936724e-03	3.018778202671702771e-02
5.284368737474948396e+00	9.789427002595584015e-02	2.894687090413166925e-03	2.956952526072939222e-02
5.324248496993987168e+00	9.657435989792401143e-02	2.797523313667556882e-03	2.896755739954629330e-02
5.364128256513025050e+00	9.528003892440441158e-02	2.704177201181495824e-03	2.838136121383199803e-02
5.404008016032062933e+00	9.401067511801958210e-02	2.614478092394413242e-03	2.781043843278686520e-02
5.443887775551100816e+00	9.276565501993924712e-02	2.528263823495721044e-03	2.725430896760540692e-02
5.483767535070138699e+00	9.154438308750648123e-02	2.445380264185655593e-03	2.671251016950037041e-02
5.523647294589177470e+00	9.034628110359481379e-02	2.365680881701977267e-03	2.618459612066807024e-02
5.563527054108215353e+00	8.917078760692037642e-02	2.289026330401758031e-03	2.567013695664733391e-02
5.603406813627253236e+00	8.801735734255707044e-02	2.215284065300528963e-03	2.516871821859869435e-02
5.643286573146291119e+00	8.688546073192833508e-02	2.144327978076393873e-03	2.467994023410182911e-02
5.683166332665329890e+00	8.577458336157015029e-02	2.076038054144679294e-03	2.420341752513614428e-02
5.723046092184367772e+00	8.468422548998522092e-02	2.010300049500099787e-03	2.373877824197421008e-02
5.762925851703405655e+00	8.361390157192917505e-02	1.947005186108462108e-03	2.328566362177876201e-02
5.802805611222443538e+00	8.256313979949349291e-02	1.886049864709291035e-03	2.284372747075275739e-02
5.842685370741481421e+00	8.153148165937085246e-02	1.827335393964633729e-03	2.241263566874731467e-02
5.882565130260520192e+00	8.051848150570933837e-02	1.770767734958164554e-03	2.199206569528516786e-02
5.922444889779558075e+00	7.952370614798440207e-02	1.716257260113024548e-03	2.158170617600829386e-02
5.962324649298595958e+00	7.854673445333583415e-02	1.663718525656617854e-03	2.118125644860541570e-02
6.002204408817633841e+00	7.758715696283810526e-02	1.613070056816523793e-03	2.079042614732145092e-02
6.042084168336671723e+00	7.664457552119068040e-02	1.564234144983750333e-03	2.040893480519401226e-02
6.081963927855710494e+00	7.571860291933413256e-02	1.517136656128157757e-03	2.003651147320321610e-02
6.121843687374748377e+00	7.480886254951538139e-02	1.471706849796277760e-03	1.967289435556069527e-02
6.161723446893786260e+00	7.391498807234313240e-02	1.427877208064052021e-03	1.931783046040052090e-02
6.201603206412824143e+00	7.303662309539146746e-02	1.385583273856570577e-03	1.897107526517061507e-02
6.241482965931862026e+00	7.217342086292602432e-02	1.344763498083787661e-03	1.863239239605675793e-02
6.281362725450900797e+00	7.132504395634241268e-02	1.305359095075643398e-03	1.830155332080333694e-02
6.321242484969938680e+00	7.049116400492301537e-02	1.267313905832252252e-03	1.797833705432561394e-02
6.361122244488976563e+00	6.967146140653154851e-02	1.230574268634856234e-03	1.766252987653696427e-02
6.401002004008014445e+00	6.886562505788036692e-02	1.195088896591398097e-03	1.735392506184247827e-02
6.440881763527053216e+00	6.807335209401868537e-02	1.160808761716819329e-03	1.705232261977611408e-02
6.480761523046091099e+00	6.729434763670284758e-02	1.127686985172759700e-03	1.675752904628367151e-02
6.520641282565128982e+00	6.652832455132325074e-02	1.095678733314319744e-03	1.646935708517743152e-02
6.560521042084166865e+00	6.577500321207441214e-02	1.064741119213029330e-03	1.618762549931084677e-02
6.600400801603204748e+00	6.503411127506675271e-02	1.034833109345269361e-03	1.591215885104299912e-02
6.640280561122243519e+00	6.430538345908978770e-02	1.005915435154203707e-03	1.564278729158271805e-02
6.680160320641281402e+00	6.358856133374818365e-02	9.779505092109095493e-04	1.537934635882198982e-02
6.720040080160319285e+00	6.288339311470157733e-02	9.509023457168273418e-04	1.512167678328595576e-02
6.759919839679357167e+00	6.218963346575071688e-02	9.247364851051613401e-04	1.486962430184501395e-02
6.799799599198395050e+00	6.150704330752095050e-02	8.994199225132528969e-04	1.462303947885059893e-02
6.839679358717433821e+00	6.083538963250436499e-02	8.749210399115251151e-04	1.438177753437210049e-02
6.879559118236471704e+00	6.017444532623093811e-02	8.512095416873013661e-04	1.414569817922768473e-02
6.919438877755509587e+00	5.952398899434724333e-02	8.282563934936570168e-04	1.391466545651556981e-02
6.959318637274547470e+00	5.888380479539041118e-02	8.060337641846591818e-04	1.368854758936632540e-02
6.999198396793585353e+00	5.825368227905260848e-02	7.845149706687751115e-04	1.346721683464939708e-02
7.039078156312624124e+00	5.763341622973921358e-02	7.636744255220527001e-04	1.325054934237945327e-02
7.078957915831662007e+00	5.702280651523158883e-02	7.434875872118799564e-04	1.303842502057985311e-02
7.118837675350699890e+00	5.642165794027204084e-02	7.239309127907461077e-04	1.283072740537151250e-02
7.158717434869737772e+00	5.582978010489596243e-02	7.049818129275582006e-04	1.262734353606624269e-02
7.198597194388776543e+00	5.524698726734254828e-02	6.866186091516483445e-04	1.242816383505350106e-02
7.238476953907814426e+00	5.467309821138185283e-02	6.688204931917685492e-04	1.223308199227921000e-02
7.278356713426852309e+00	5.410793611790207930e-02	6.515674882990635415e-04	1.204199485412429764e-02
7.318236472945890192e+00	5.355132844060708081e-02	6.348404124493315379e-04	1.185480231649943886e-02
7.358116232464928075e+00	5.300310678567946021e-02	6.186208433257905578e-04	1.167140722198063696e-02
7.397995991983966846e+00	5.246310679527015075e-02	6.028910849891376197e-04	1.149171526081812882e-02
7.437875751503004729e+00	5.193116803468084824e-02	5.876341361469300658e-04	1.131563487565875360e-02
7.477755511022042612e+00	5.140713388311018289e-02	5.728336599392196138e-04	1.114307716982883105e-02
7.517635270541080494e+00	5.089085142783992405e-02	5.584739551620169487e-04	1.097395581903160000e-02
7.557515030060118377e+00	5.038217136174170246e-02	5.445399288545031040e-04	1.080818698631963969e-02
7.597394789579157148e+00	4.988094788398932805e-02	5.310170701800023818e-04	1.064568924020881970e-02
7.637274549098195031e+00	4.938703860386634004e-02	5.178914255345964165e-04	1.048638347580638577e-02
7.677154308617232914e+00	4.890030444756182648e-02	5.051495748208655870e-04	1.033019283883112975e-02
7.717034068136270797e+00	4.842060956785251835e-02	4.927786088276887074e-04	1.017704265240920551e-02
7.756913827655308680e+00	4.794782125657195276e-02	4.807661076602216506e-04	1.002686034653399970e-02
7.796793587174347451e+00	4.748180985977183688e-02	4.691001201672262855e-04	9.879575390083501774e-03
7.836673346693385334e+00	4.702244869548410228e-02	4.577691443157684971e-04	9.735119225293150866e-03
7.876553106212423216e+00	4.656961397399504016e-02	4.467621084659884859e-04	9.593425204586510102e-03
7.916432865731461099e+00	4.612318472054705021e-02	4.360683535012016858e-04	9.454428529670474979e-03
7.956312625250499870e+00	4.568304270038579112e-02	4.256776157709591898e-04	9.318066192805587317e-03
7.996192384769537753e+00	4.524907234607400408e-02	4.155800108069657574e-04	9.184276920165920788e-03
8.036072144288576524e+00	4.482116068699584788e-02	4.057660177738711921e-04	9.053001117206622636e-03
8.075951903807613519e+00	4.439919728097890123e-02	3.962264646189703155e-04	8.924180815960781887e-03
8.115831663326652290e+00	4.398307414796269466e-02	3.869525138867201553e-04	8.797759624190425523e-03
8.155711422845689285e+00	4.357268570564640231e-02	3.779356491657959670e-04	8.673682676319871901e-03
8.195591182364728056e+00	4.316792870704948271e-02	3.691676621380666503e-04	8.551896586082434124e-03
8.235470941883766827e+00	4.276870217992270046e-02	3.606406402004899139e-04	8.432349400814609375e-03
8.275350701402803821e+00	4.237490736794809892e-02	3.523469546324108992e-04	8.314990557334454163e-03
8.315230460921842592e+00	4.198644767366946362e-02	3.442792492821805791e-04	8.199770839343589746e-03
8.355110220440879587e+00	4.160322860309664111e-02	3.364304297483536321e-04	8.086642336294830313e-03
8.394989979959918358e+00	4.122515771192890310e-02	3.287936530319824605e-04	7.975558403669674723e-03
8.434869739478957129e+00	4.085214455334498784e-02	3.213623176377433145e-04	7.866473624612440457e-03
8.474749498997994124e+00	4.048410062730870007e-02	3.141300541027414682e-04	7.759343772869778735e-03
8.514629258517032895e+00	4.012093933134121271e-02	3.070907159329332604e-04	7.654125776986568305e-03
8.554509018036069889e+00	3.976257591271298297e-02	3.002383709281099310e-04	7.550777685711170840e-03
8.594388777555108661e+00	3.940892742200921561e-02	2.935672928773413602e-04	7.449258634564838444e-03
8.634268537074147432e+00	3.905991266802539413e-02	2.870719536077000916e-04	7.349528813532094258e-03
8.674148296593184426e+00	3.871545217395004623e-02	2.807470153699287733e-04	7.251549435830458891e-03
8.714028056112223197e+00	3.837546813479381091e-02	2.745873235455381449e-04	7.155282707719684727e-03
8.753907815631260192e+00	3.803988437602552619e-02	2.685878996605926415e-04	7.060691799312323810e-03
8.793787575150298963e+00	3.770862631337673632e-02	2.627439346921585394e-04	6.967740816348770745e-03
8.833667334669337734e+00	3.738162091377814772e-02	2.570507826540963580e-04	6.876394772901680240e-03
8.873547094188374729e+00	3.705879665739219425e-02	2.515039544495184781e-04	6.786619564975817677e-03
8.913426853707413500e+00	3.674008350070744749e-02	2.460991119778606351e-04	6.698381944970857420e-03
8.953306613226450494e+00	3.642541284066179441e-02	2.408320624851048055e-04	6.611649496975999241e-03
8.993186372745489265e+00	3.611471747976204710e-02	2.356987531462368963e-04	6.526390612866278529e-03
9.033066132264528036e+00	3.580793159216947436e-02	2.306952658695667318e-04	6.442574469171943874e-03
9.072945891783565031e+00	3.550499069072095976e-02	2.258178123130216534e-04	6.360171004693089200e-03
9.112825651302603802e+00	3.520583159485705244e-02	2.210627291030106104e-04	6.279150898833015665e-03
9.152705410821640797e+00	3.491039239942923811e-02	2.164264732469039088e-04	6.199485550624809875e-03
9.192585170340679568e+00	3.461861244435902180e-02	2.119056177305947831e-04	6.121147058426481928e-03
9.232464929859718339e+00	3.433043228512325240e-02	2.074968472930243638e-04	6.044108200261168184e-03
9.272344689378755334e+00	3.404579366404016094e-02	2.031969543699258039e-04	5.968342414779606239e-03
9.312224448897794105e+00	3.376463948233193041e-02	1.990028351994162898e-04	5.893823782823111312e-03
9.352104208416831099e+00	3.348691377294039928e-02	1.949114860824104653e-04	5.820527009566089927e-03
9.391983967935869870e+00	3.321256167407282689e-02	1.909199997911521362e-04	5.748427407217807615e-03
9.431863727454908641e+00	3.294152940345617536e-02	1.870255621194864349e-04	5.677500878264135284e-03
9.471743486973945636e+00	3.267376423327832125e-02	1.832254485687766004e-04	5.607723899230466352e-03
9.511623246492984407e+00	3.240921446579572707e-02	1.795170211636637264e-04	5.539073504947907532e-03
9.551503006012021402e+00	3.214782940958791496e-02	1.758977253921314532e-04	5.471527273305449787e-03
9.591382765531060173e+00	3.188955935643916079e-02	1.723650872645900926e-04	5.405063310471422758e-03
9.631262525050098944e+00	3.163435555882915251e-02	1.689167104869429266e-04	5.339660236568281003e-03
9.671142284569135938e+00	3.138217020801444684e-02	1.655502737428222050e-04	5.275297171785254396e-03
9.711022044088174709e+00	3.113295641268329014e-02	1.622635280804047100e-04	5.211953722914020384e-03
9.750901803607213481e+00	3.088666817816723351e-02	1.590542943994260872e-04	5.149609970293143879e-03
9.790781563126250475e+00	3.064326038619290260e-02	1.559204610342069164e-04	5.088246455147465985e-03
9.830661322645289246e+00	3.040268877515838949e-02	1.528599814286969456e-04	5.027844167309194340e-03
9.870541082164326241e+00	3.016490992091899401e-02	1.498708718997222346e-04	4.968384533307971737e-03
9.910420841683365012e+00	2.992988121806745491e-02	1.469512094847886022e-04	4.909849404817550993e-03
9.950300601202403783e+00	2.969756086169446710e-02	1.440991298709604117e-04	4.852221047447274720e-03
9.990180360721440778e+00	2.946790782961558261e-02	1.413128254014865443e-04	4.795482129866899569e-03
1.003006012024047955e+01	2.924088186505112083e-02	1.385905431569942482e-04	4.739615713253791940e-03
1.006993987975951654e+01	2.901644345974623007e-02	1.359305831082128189e-04	4.684605241051879518e-03
1.010981963927855531e+01	2.879455383751821848e-02	1.333312963373178449e-04	4.630434529032086480e-03
1.014969939879759409e+01	2.857517493821944143e-02	1.307910833251233872e-04	4.577087755644482399e-03
1.018957915831663108e+01	2.835826940210357111e-02	1.283083923014613275e-04	4.524549452652548362e-03
1.022945891783566985e+01	2.814380055458397603e-02	1.258817176562089242e-04	4.472804496040446928e-03
1.026933867735470685e+01	2.793173239137330607e-02	1.235095984085359390e-04	4.421838097184465320e-03
1.030921843687374562e+01	2.772202956399323973e-02	1.211906167320426429e-04	4.371635794280047567e-03
1.034909819639278439e+01	2.751465736564436340e-02	1.189233965335686349e-04	4.322183444016275411e-03
1.038897795591182138e+01	2.730958171742586121e-02	1.167066020835396854e-04	4.273467213489789626e-03
1.042885771543086015e+01	2.710676915489538055e-02	1.145389366958170414e-04	4.225473572350530241e-03
1.046873747494989715e+01	2.690618681495969555e-02	1.124191414550990809e-04	4.178189285171935233e-03
1.050861723446893592e+01	2.670780242308680788e-02	1.103459939900059469e-04	4.131601404038408136e-03
1.054849699398797469e+01	2.651158428083084245e-02	1.083183072900611966e-04	4.085697261343241432e-03
1.058837675350701168e+01	2.631750125366096732e-02	1.063349285648564914e-04	4.040464462790304030e-03
1.062825651302605046e+01	2.612552275908602145e-02	1.043947381437594711e-04	3.995890880593102983e-03
1.066813627254508745e+01	2.593561875506690192e-02	1.024966484145947926e-04	3.951964646865056829e-03
1.070801603206412622e+01	2.574775972870860935e-02	1.006396027997905350e-04	3.908674147194943736e-03
1.074789579158316499e+01	2.556191668522460672e-02	9.882257476854997144e-05	3.866008014401818051e-03
1.078777555110220199e+01	2.537806113716593523e-02	9.704456688366453658e-05	3.823955122463772172e-03
1.082765531062124076e+01	2.519616509390796080e-02	9.530460988164339130e-05	3.782504580615185606e-03
1.086753507014027775e+01	2.501620105138795819e-02	9.360176178489049929e-05	3.741645727607276987e-03
1.090741482965931652e+01	2.483814198208649654e-02	9.193510704470876985e-05	3.701368126126872420e-03
1.094729458917835530e+01	2.466196132524644744e-02	9.030375571396669825e-05	3.661661557368621825e-03
1.098717434869739229e+01	2.448763297732297131e-02	8.870684264830486633e-05	3.622516015755899727e-03
1.102705410821643106e+01	2.431513128265850102e-02	8.714352673480951262e-05	3.583921703805893668e-03
1.106693386773546983e+01	2.414443102437671684e-02	8.561299014712269188e-05	3.545869027134496577e-03
1.110681362725450683e+01	2.397550741548968786e-02	8.411443762600004197e-05	3.508348589596762580e-03
1.114669338677354560e+01	2.380833609021253128e-02	8.264709578436703395e-05	3.471351188558813219e-03
1.118657314629258259e+01	2.364289309548026422e-02	8.121021243596534731e-05	3.434867810297292674e-03
1.122645290581162136e+01	2.347915488266132458e-02	7.980305594671268429e-05	3.398889625522461509e-03
1.126633266533066013e+01	2.331709829946283785e-02	7.842491460794029335e-05	3.363407985021314630e-03
1.130621242484969713e+01	2.315670058202250192e-02	7.707509603070085056e-05	3.328414415417080535e-03
1.134609218436873590e+01	2.299793934718218427e-02	7.575292656037410990e-05	3.293900615041654104e-03
1.138597194388777289e+01	2.284079258493876274e-02	7.445775071082921630e-05	3.259858449917655242e-03
1.142585170340681167e+01	2.268523865106727988e-02	7.318893061742814835e-05	3.226279949846802639e-03
1.146573146292585044e+01	2.253125625991228911e-02	7.194584550818800255e-05	3.193157304601533086e-03
1.150561122244488743e+01	2.237882447734289640e-02	7.072789119244244965e-05	3.160482860216799316e-03
1.154549098196392620e+01	2.222792271386725069e-02	6.953447956637042230e-05	3.128249115379105622e-03
1.158537074148296320e+01	2.207853071790268767e-02	6.836503813478607351e-05	3.096448717909985708e-03
1.162525050100200197e+01	2.193062856919712755e-02	6.721900954860373712e-05	3.065074461341102570e-03
1.166513026052104074e+01	2.178419667239835794e-02	6.609585115741966157e-05	3.034119281578387829e-03
1.170501002004007773e+01	2.163921575076706641e-02	6.499503457666891751e-05	3.003576253652580266e-03
1.174488977955911650e+01	2.149566684003017397e-02	6.391604526883992168e-05	2.973438588553698522e-03
1.178476953907815350e+01	2.135353128237099662e-02	6.285838213824892823e-05	2.943699630147045797e-03
1.182464929859719227e+01	2.121279072055257814e-02	6.182155713889318316e-05	2.914352852168369985e-03
1.186452905811623104e+01	2.107342709217110630e-02	6.080509489492369734e-05	2.885391855295955325e-03
1.190440881763526804e+01	2.093542262403598822e-02	5.980853233329278321e-05	2.856810364297421648e-03
1.194428857715430681e+01	2.079875982667345885e-02	5.883141832815054836e-05	2.828602225249117908e-03
1.198416833667334380e+01	2.066342148895081859e-02	5.787331335658029390e-05	2.800761402826069512e-03
1.202404809619238257e+01	2.052939067281799729e-02	5.693378916527654169e-05	2.773281977660440722e-03
1.206392785571142134e+01	2.039665070816388398e-02	5.601242844778774450e-05	2.746158143766632559e-03
1.210380761523045834e+01	2.026518518778438332e-02	5.510882453195653410e-05	2.719384206031111913e-03
1.214368737474949711e+01	2.013497796245948893e-02	5.422258107720581943e-05	2.692954577765154303e-03
1.218356713426853410e+01	2.000601313613677504e-02	5.335331178133274828e-05	2.666863778318772065e-03
1.222344689378757288e+01	1.987827506121865248e-02	5.250064009648330670e-05	2.641106430754091520e-03
1.226332665330661165e+01	1.975174833395085955e-02	5.166419895399426238e-05	2.615677259576547602e-03
1.230320641282564864e+01	1.962641778990978011e-02	5.084363049779987154e-05	2.590571088522290472e-03
1.234308617234468741e+01	1.950226849958609787e-02	5.003858582611157694e-05	2.565782838400235914e-03
1.238296593186372441e+01	1.937928576406259054e-02	4.924872474109131843e-05	2.541307524987287611e-03
1.242284569138276318e+01	1.925745511078367014e-02	4.847371550624706668e-05	2.517140256975232936e-03
1.246272545090180195e+01	1.913676228941459806e-02	4.771323461129120514e-05	2.493276233967931833e-03
1.250260521042083894e+01	1.901719326778807811e-02	4.696696654421034711e-05	2.469710744527397594e-03
1.254248496993987771e+01	1.889873422793625357e-02	4.623460357030513633e-05	2.446439164267454145e-03
1.258236472945891649e+01	1.878137156220606452e-02	4.551584551796744241e-05	2.423456953993678373e-03
1.262224448897795348e+01	1.866509186945591869e-02	4.481039957096996575e-05	2.400759657888366320e-03
1.266212424849699225e+01	1.854988195133180223e-02	4.411798006705213647e-05	2.378342901739308093e-03
1.270200400801602925e+01	1.843572880862097418e-02	4.343830830259412024e-05	2.356202391211207475e-03
1.274188376753506802e+01	1.832261963768132274e-02	4.277111234317694424e-05	2.334333910158573576e-03
1.278176352705410679e+01	1.821054182694476636e-02	4.211612683983605317e-05	2.312733318979008114e-03
1.282164328657314378e+01	1.809948295349277092e-02	4.147309285082021368e-05	2.291396553005778554e-03
1.286152304609218255e+01	1.798943077970245261e-02	4.084175766867615526e-05	2.270319620938647965e-03
1.290140280561121955e+01	1.788037324996155988e-02	4.022187465248492657e-05	2.249498603311950694e-03
1.294128256513025832e+01	1.777229848745071755e-02	3.961320306508198352e-05	2.228929650998908146e-03
1.298116232464929709e+01	1.766519479099142378e-02	3.901550791509944278e-05	2.208608983751248356e-03
1.302104208416833409e+01	1.755905063195823540e-02	3.842855980367430088e-05	2.188532888773190004e-03
1.306092184368737286e+01	1.745385465125368768e-02	3.785213477567180652e-05	2.168697719328887934e-03
1.310080160320640985e+01	1.734959565634448461e-02	3.728601417527886567e-05	2.149099893382465896e-03
1.314068136272544862e+01	1.724626261835759955e-02	3.672998450582695983e-05	2.129735892269789092e-03
1.318056112224448739e+01	1.714384466923483605e-02	3.618383729370931002e-05	2.110602259401142110e-03
1.322044088176352439e+01	1.704233109894464498e-02	3.564736895626151113e-05	2.091695598994022538e-03
1.326032064128256316e+01	1.694171135274969570e-02	3.512038067347923910e-05	2.073012574835248790e-03
1.330020040080160015e+01	1.684197502852919151e-02	3.460267826345172896e-05	2.054549909071652723e-03
1.334008016032063892e+01	1.674311187415445518e-02	3.409407206139262900e-05	2.036304381028594592e-03
1.337995991983967770e+01	1.664511178491672946e-02	3.359437680215543318e-05	2.018272826055608673e-03
1.341983967935871469e+01	1.654796480100597864e-02	3.310341150612307277e-05	2.000452134398462631e-03
1.345971943887775346e+01	1.645166110503948689e-02	3.262099936836602510e-05	1.982839250096970606e-03
1.349959919839679046e+01	1.635619101963926153e-02	3.214696765096677379e-05	1.965431169907903841e-03
1.353947895791582923e+01	1.626154500505702302e-02	3.168114757841119914e-05	1.948224942252347464e-03
1.357935871743486800e+01	1.616771365684583142e-02	3.122337423595199023e-05	1.931217666186905383e-03
1.361923847695390499e+01	1.607468770357720414e-02	3.077348647085115593e-05	1.914406490398124893e-03
1.365911823647294376e+01	1.598245800460281266e-02	3.033132679641286570e-05	1.897788612219576763e-03
1.369899799599198076e+01	1.589101554785976242e-02	2.989674129872042278e-05	1.881361276671015539e-03
1.373887775551101953e+01	1.580035144771836306e-02	2.946957954599353037e-05	1.865121775519052588e-03
1.377875751503005830e+01	1.571045694287171238e-02	2.904969450048621962e-05	1.849067446358832953e-03
1.381863727454909530e+01	1.562132339426589023e-02	2.863694243284660093e-05	1.833195671716157009e-03
1.385851703406813407e+01	1.553294228307006662e-02	2.823118283886386583e-05	1.817503878169563370e-03
1.389839679358717106e+01	1.544530520868562205e-02	2.783227835852967761e-05	1.801989535491875603e-03
1.393827655310620983e+01	1.535840388679334846e-02	2.744009469734324719e-05	1.786650155810714461e-03
1.397815631262524860e+01	1.527223014743799012e-02	2.705450054979237909e-05	1.771483292787524606e-03
1.401803607214428560e+01	1.518677593314930914e-02	2.667536752494473730e-05	1.756486540814656975e-03
1.405791583166332437e+01	1.510203329709879083e-02	2.630257007408519037e-05	1.741657534230048191e-03
1.409779559118236314e+01	1.501799440129140441e-02	2.593598542033850697e-05	1.726993946549096933e-03
1.413767535070140013e+01	1.493465151479144749e-02	2.557549349021692351e-05	1.712493489713278003e-03
1.417755511022043891e+01	1.485199701198193327e-02	2.522097684703571767e-05	1.698153913355121775e-03
1.421743486973947590e+01	1.477002337085668582e-02	2.487232062614066331e-05	1.683973004079140088e-03
1.425731462925851467e+01	1.468872317134447755e-02	2.452941247189340055e-05	1.669948584758314779e-03
1.429719438877755344e+01	1.460808909366456514e-02	2.419214247636282861e-05	1.656078513845783045e-03
1.433707414829659044e+01	1.452811391671291440e-02	2.386040311967174991e-05	1.642360684701342759e-03
1.437695390781562921e+01	1.444879051647844463e-02	2.353408921194981410e-05	1.628793024932420185e-03
1.441683366733466620e+01	1.437011186448874760e-02	2.321309783684574453e-05	1.615373495749163751e-03
1.445671342685370497e+01	1.429207102628455087e-02	2.289732829655272825e-05	1.602100091333315225e-03
1.449659318637274374e+01	1.421466115992241555e-02	2.258668205830282192e-05	1.588970838220534962e-03
1.453647294589178074e+01	1.413787551450501785e-02	2.228106270228731741e-05	1.575983794695859450e-03
1.457635270541081951e+01	1.406170742873843679e-02	2.198037587096143364e-05	1.563137050201975856e-03
1.461623246492985650e+01	1.398615032951596067e-02	2.168452921969339205e-05	1.550428724760020407e-03
1.465611222444889528e+01	1.391119773052773394e-02	2.139343236871834293e-05	1.537856968402586625e-03
1.469599198396793405e+01	1.383684323089584035e-02	2.110699685635997473e-05	1.525419960618678000e-03
1.473587174348697104e+01	1.376308051383421001e-02	2.082513609348274043e-05	1.513115909810304124e-03
1.477575150300600981e+01	1.368990334533283851e-02	2.054776531913948779e-05	1.500943052760457270e-03
1.481563126252504681e+01	1.361730557286589330e-02	2.027480155738024313e-05	1.488899654112204630e-03
1.485551102204408558e+01	1.354528112412311733e-02	2.000616357518865339e-05	1.476984005858628882e-03
1.489539078156312435e+01	1.347382400576413800e-02	1.974177184151409590e-05	1.465194426843373973e-03
1.493527054108216134e+01	1.340292830219515056e-02	1.948154848736808830e-05	1.453529262271540702e-03
1.497515030060120012e+01	1.333258817436754756e-02	1.922541726695475641e-05	1.441986883230699217e-03
1.501503006012023711e+01	1.326279785859806395e-02	1.897330351980614058e-05	1.430565686221782051e-03
1.505490981963927588e+01	1.319355166540994891e-02	1.872513413389371772e-05	1.419264092699626563e-03
1.509478957915831465e+01	1.312484397839480850e-02	1.848083750968885437e-05	1.408080548622953846e-03
1.513466933867735165e+01	1.305666925309464932e-02	1.824034352514524826e-05	1.397013524013558140e-03
1.517454909819639042e+01	1.298902201590371348e-02	1.800358350157752407e-05	1.386061512524498166e-03
1.521442885771542741e+01	1.292189686298975473e-02	1.777049017041104314e-05	1.375223031017092177e-03
1.525430861723446618e+01	1.285528845923432709e-02	1.754099764077833961e-05	1.364496619146504880e-03
1.529418837675350495e+01	1.278919153719170615e-02	1.731504136793877429e-05	1.353880838955740179e-03
1.533406813627254195e+01	1.272360089606610137e-02	1.709255812249848224e-05	1.343374274477845661e-03
1.537394789579158072e+01	1.265851140070673592e-02	1.687348596040823536e-05	1.332975531346138878e-03
1.541382765531061771e+01	1.259391798062052883e-02	1.665776419371806796e-05	1.322683236412286727e-03
1.545370741482965649e+01	1.252981562900192490e-02	1.644533336206734379e-05	1.312496037372043846e-03
1.549358717434869526e+01	1.246619940177965020e-02	1.623613520489045406e-05	1.302412602398498242e-03
1.553346693386773225e+01	1.240306441667992851e-02	1.603011263431802777e-05	1.292431619782635722e-03
1.557334669338677102e+01	1.234040585230595025e-02	1.582720970875501628e-05	1.282551797581073716e-03
1.561322645290580979e+01	1.227821894723321941e-02	1.562737160711692242e-05	1.272771863270803381e-03
1.565310621242484679e+01	1.221649899912046790e-02	1.543054460370625101e-05	1.263090563410774548e-03
1.569298597194388556e+01	1.215524136383583191e-02	1.523667604371176748e-05	1.253506663310181455e-03
1.573286573146292255e+01	1.209444145459803201e-02	1.504571431931380174e-05	1.244018946703301419e-03
1.577274549098196132e+01	1.203409474113220634e-02	1.485760884637892777e-05	1.234626215430730499e-03
1.581262525050100010e+01	1.197419674884015947e-02	1.467231004172835390e-05	1.225327289126890411e-03
1.585250501002003709e+01	1.191474305798472487e-02	1.448976930096442639e-05	1.216121004913657717e-03
1.589238476953907586e+01	1.185572930288795145e-02	1.430993897684020832e-05	1.207006217099982140e-03
1.593226452905811286e+01	1.179715117114292326e-02	1.413277235815780512e-05	1.197981796887374320e-03
1.597214428857715163e+01	1.173900440283883427e-02	1.395822364918092217e-05	1.189046632081115990e-03
1.601202404809619040e+01	1.168128478979917756e-02	1.378624794954830688e-05	1.180199626807087185e-03
1.605190380761522917e+01	1.162398817483271604e-02	1.361680123467444304e-05	1.171439701234072575e-03
1.609178356713426794e+01	1.156711045099702816e-02	1.344984033662474456e-05	1.162765791301441322e-03
1.613166332665330671e+01	1.151064756087439439e-02	1.328532292545256349e-05	1.154176848452072952e-03
1.617154308617234548e+01	1.145459549585976268e-02	1.312320749098586572e-05	1.145671839370426045e-03
1.621142284569138070e+01	1.139895029546060014e-02	1.296345332505170421e-05	1.137249745725632619e-03
1.625130260521041947e+01	1.134370804660833273e-02	1.280602050412682934e-05	1.128909563919507216e-03
1.629118236472945824e+01	1.128886488298129834e-02	1.265086987240359622e-05	1.120650304839381764e-03
1.633106212424849701e+01	1.123441698433881586e-02	1.249796302525986086e-05	1.112470993615642190e-03
1.637094188376753578e+01	1.118036057586629765e-02	1.234726229312259091e-05	1.104370669383877672e-03
1.641082164328657100e+01	1.112669192753114322e-02	1.219873072571486378e-05	1.096348385051546881e-03
1.645070140280560977e+01	1.107340735344919738e-02	1.205233207667617083e-05	1.088403207069054551e-03
1.649058116232464855e+01	1.102050321126164627e-02	1.190803078854656965e-05	1.080534215205160948e-03
1.653046092184368732e+01	1.096797590152205973e-02	1.176579197810497744e-05	1.072740502326613443e-03
1.657034068136272609e+01	1.091582186709347084e-02	1.162558142205267600e-05	1.065021174181929060e-03
1.661022044088176131e+01	1.086403759255527221e-02	1.148736554303305500e-05	1.057375349189229119e-03
1.665010020040080008e+01	1.081261960361972266e-02	1.135111139597884184e-05	1.049802158228042718e-03
1.668997995991983885e+01	1.076156446655797926e-02	1.121678665477869855e-05	1.042300744435005738e-03
1.672985971943887762e+01	1.071086878763534422e-02	1.108435959925463568e-05	1.034870263003355873e-03
1.676973947895791639e+01	1.066052921255568157e-02	1.095379910244261662e-05	1.027509880986163162e-03
1.680961923847695161e+01	1.061054242591476238e-02	1.082507461816845956e-05	1.020218777103206473e-03
1.684949899799599038e+01	1.056090515066238425e-02	1.069815616891155287e-05	1.012996141551422659e-03
1.688937875751502915e+01	1.051161414757315060e-02	1.057301433394914154e-05	1.005841175818858978e-03
1.692925851703406792e+01	1.046266621472568062e-02	1.044962023777400718e-05	9.987530925020505178e-04
1.696913827655310669e+01	1.041405818699016328e-02	1.032794553877868549e-05	9.917311151267556042e-04
1.700901803607214191e+01	1.036578693552406109e-02	1.020796241819949084e-05	9.847744779719802468e-04
1.704889779559118068e+01	1.031784936727581439e-02	1.008964356931375445e-05	9.778824258972174631e-04
1.708877755511021945e+01	1.027024242449645942e-02	9.972962186884077831e-06	9.710542141728492182e-04
1.712865731462925822e+01	1.022296308425893994e-02	9.857891956843263789e-06	9.642891083136343302e-04
1.716853707414829699e+01	1.017600835798501170e-02	9.744407046213934874e-06	9.575863839152202149e-04
1.720841683366733221e+01	1.012937529097963224e-02	9.632482093257120075e-06	9.509453264936274051e-04
1.724829659318637098e+01	1.008306096197261401e-02	9.522092197843880533e-06	9.443652313276307319e-04
1.728817635270540976e+01	1.003706248266753205e-02	9.413212912044736228e-06	9.378454033039948859e-04
1.732805611222444853e+01	9.991376997297660850e-03	9.305820230931259176e-06	9.313851567654957272e-04
1.736793587174348730e+01	9.946001682188837859e-03	9.199890583584635731e-06	9.249838153616706405e-04
1.740781563126252252e+01	9.900933745329165356e-03	9.095400824306242864e-06	9.186407119022539170e-04
1.744769539078156129e+01	9.856170425945377095e-03	8.992328224025051176e-06	9.123551882132274488e-04
1.748757515030060006e+01	9.811708994085817717e-03	8.890650461897243404e-06	9.061265949954520416e-04
1.752745490981963883e+01	9.767546750209845849e-03	8.790345617093162743e-06	8.999542916858117988e-04
1.756733466933867760e+01	9.723681024783584551e-03	8.691392160767072886e-06	8.938376463208286445e-04
1.760721442885771282e+01	9.680109177881942792e-03	8.593768948205364203e-06	8.877760354027035066e-04
1.764709418837675159e+01	9.636828598796694581e-03	8.497455211148665939e-06	8.817688437677198695e-04
1.768697394789579036e+01	9.593836705650645238e-03	8.402430550283881692e-06	8.758154644569832387e-04
1.772685370741482913e+01	9.551130945017671445e-03	8.308674927901830008e-06	8.699152985894329860e-04
1.776673346693386790e+01	9.508708791548565673e-03	8.216168660716568302e-06	8.640677552370907948e-04
1.780661322645290312e+01	9.466567747602617350e-03	8.124892412842549521e-06	8.582722513025006035e-04
1.784649298597194189e+01	9.424705342884762485e-03	8.034827188925671142e-06	8.525282113983120164e-04
1.788637274549098066e+01	9.383119134088298285e-03	7.945954327424726722e-06	8.468350677289762825e-04
1.792625250501001943e+01	9.341806704542961540e-03	7.858255494039417867e-06	8.411922599744979219e-04
1.796613226452905820e+01	9.300765663868370767e-03	7.771712675281631662e-06	8.355992351762160869e-04
1.800601202404809342e+01	9.259993647632684677e-03	7.686308172186419243e-06	8.300554476245688203e-04
1.804589178356713219e+01	9.219488317016379803e-03	7.602024594159395801e-06	8.245603587487991201e-04
1.808577154308617096e+01	9.179247358481138624e-03	7.518844852957391578e-06	8.191134370085765724e-04
1.812565130260520974e+01	9.139268483443657373e-03	7.436752156799053801e-06	8.137141577874833784e-04
1.816553106212424851e+01	9.099549427954345751e-03	7.355730004602430729e-06	8.083620032883377790e-04
1.820541082164328373e+01	9.060087952380850920e-03	7.275762180346518952e-06	8.030564624303181218e-04
1.824529058116232250e+01	9.020881841096260040e-03	7.196832747553779721e-06	7.977970307478474566e-04
1.828517034068136127e+01	8.981928902171988291e-03	7.118926043890941719e-06	7.925832102912162141e-04
1.832505010020040004e+01	8.943226967075189326e-03	7.042026675885112130e-06	7.874145095288958077e-04
1.836492985971943881e+01	8.904773890370663858e-03	6.966119513752647270e-06	7.822904432515212546e-04
1.840480961923847403e+01	8.866567549427184849e-03	6.891189686338093459e-06	7.772105324775070408e-04
1.844468937875751280e+01	8.828605844128123090e-03	6.817222576160584187e-06	7.721743043602619658e-04
1.848456913827655157e+01	8.790886696586383553e-03	6.744203814565326112e-06	7.671812920969828037e-04
1.852444889779559034e+01	8.753408050863498158e-03	6.672119276977582827e-06	7.622310348389838442e-04
1.856432865731462911e+01	8.716167872692829818e-03	6.600955078256853300e-06	7.573230776035413904e-04
1.860420841683366433e+01	8.679164149206865242e-03	6.530697568148948699e-06	7.524569711872243711e-04
1.864408817635270310e+01	8.642394888668443811e-03	6.461333326833628072e-06	7.476322720806773516e-04
1.868396793587174187e+01	8.605858120205953782e-03	6.392849160565722761e-06	7.428485423848381602e-04
1.872384769539078064e+01	8.569551893552336194e-03	6.325232097407427809e-06	7.381053497285518586e-04
1.876372745490981941e+01	8.533474278787913855e-03	6.258469383049838455e-06	7.334022671875655526e-04
1.880360721442885463e+01	8.497623366086915278e-03	6.192548476721556541e-06	7.287388732048696730e-04
1.884348697394789340e+01	8.461997265467679705e-03	6.127457047182446588e-06	7.241147515123648026e-04
1.888336673346693217e+01	8.426594106546477295e-03	6.063182968800614563e-06	7.195294910538320389e-04
1.892324649298597095e+01	8.391412038294854270e-03	5.999714317710653521e-06	7.149826859091757770e-04
1.896312625250500972e+01	8.356449228800471793e-03	5.937039368051340944e-06	7.104739352199197213e-04
1.900300601202404494e+01	8.321703865031381334e-03	5.875146588281018315e-06	7.060028431159339011e-04
1.904288577154308371e+01	8.287174152603663663e-03	5.814024637568819103e-06	7.015690186433650409e-04
1.908276553106212248e+01	8.252858315552403720e-03	5.753662362260146811e-06	6.971720756937555431e-04
1.912264529058116125e+01	8.218754596105918089e-03	5.694048792414607376e-06	6.928116329343214815e-04
1.916252505010020002e+01	8.184861254463193445e-03	5.635173138414839920e-06	6.884873137393723690e-04
1.920240480961923879e+01	8.151176568574497808e-03	5.577024787644655125e-06	6.841987461228527488e-04
1.924228456913827401e+01	8.117698833925090021e-03	5.519593301234892194e-06	6.799455626719818659e-04
1.928216432865731278e+01	8.084426363321987538e-03	5.462868410875502786e-06	6.757274004819729864e-04
1.932204408817635155e+01	8.051357486683764775e-03	5.406840015692411790e-06	6.715439010918150195e-04
1.936192384769539032e+01	8.018490550833286615e-03	5.351498179187648915e-06	6.673947104210918276e-04
1.940180360721442909e+01	7.985823919293371861e-03	5.296833126241394160e-06	6.632794787078251332e-04
1.944168336673346431e+01	7.953355972085322453e-03	5.242835240174570049e-06	6.591978604473206372e-04
1.948156312625250308e+01	7.921085105530262932e-03	5.189495059870580468e-06	6.551495143319979427e-04
1.952144288577154185e+01	7.889009732053290161e-03	5.136803276954988267e-06	6.511341031921905140e-04
1.956132264529058062e+01	7.857128279990310132e-03	5.084750733031750936e-06	6.471512939378935543e-04
1.960120240480961940e+01	7.825439193397598289e-03	5.033328416974830213e-06	6.432007575014441880e-04
1.964108216432865461e+01	7.793940931863998361e-03	4.982527462273977922e-06	6.392821687811214805e-04
1.968096192384769338e+01	7.762631970325711145e-03	4.932339144433406317e-06	6.353952065856402747e-04
1.972084168336673216e+01	7.731510798883682763e-03	4.882754878422367981e-06	6.315395535795359158e-04
1.976072144288577093e+01	7.700575922623470980e-03	4.833766216176295982e-06	6.277148962294107001e-04
1.980060120240480970e+01	7.669825861437636408e-03	4.785364844147591163e-06	6.239209247510366270e-04
1.984048096192384492e+01	7.639259149850547576e-03	4.737542580904845320e-06	6.201573330572930946e-04
1.988036072144288369e+01	7.608874336845612880e-03	4.690291374779531259e-06	6.164238187069291316e-04
1.992024048096192246e+01	7.578669985694876099e-03	4.643603301559095856e-06	6.127200828541323838e-04
1.996012024048096123e+01	7.548644673790945968e-03	4.597470562225460868e-06	6.090458301988926036e-04
2.000000000000000000e+01	7.518796992481204325e-03	4.551885480737923503e-06	6.054007689381430551e-04
