Variables = mach, temperature_ratio(TbyT0),pressure_ratio(pbyp0),density_ratio(rhobyrho0) 
 zone t=gamma1.4 i= 500 f=point
1.000000000000000056e-01	9.980039920159680111e-01	9.930313848742520211e-01	9.950174476440005744e-01
1.398797595190380827e-01	9.961019845600170841e-01	9.864232925050110401e-01	9.902834326153047151e-01
1.797595190380761321e-01	9.935788013240545169e-01	9.777056150341584262e-01	9.840242301176884698e-01
2.196392785571142092e-01	9.904439172493079147e-01	9.669513231240438600e-01	9.762807426890879325e-01
2.595190380761522864e-01	9.867090038420075482e-01	9.542492323252170783e-01	9.671029945096274449e-01
2.993987975951903913e-01	9.823878218613095736e-01	9.397025284198377015e-01	9.565494476910381128e-01
3.392785571142283851e-01	9.774960967245854837e-01	9.234270911342888910e-01	9.446862184192119649e-01
3.791583166332664900e-01	9.720513786974851467e-01	9.055496603773215414e-01	9.315862105876815402e-01
4.190380761523045949e-01	9.660728901318579309e-01	8.862058916903270411e-01	9.173281858363400154e-01
4.589178356713425888e-01	9.595813621530299153e-01	8.655383484190124488e-01	9.019957895774346479e-01
4.987975951903806937e-01	9.525988632779058829e-01	8.436944772938310688e-01	8.856765526579221115e-01
5.386773547094187986e-01	9.451486224677370096e-01	8.208246117774282702e-01	8.684608878065073201e-01
5.785571142284567925e-01	9.372548490868040094e-01	7.970800438997643900e-01	8.504410989992570169e-01
6.184368737474948974e-01	9.289425521550277454e-01	7.726112005997664012e-01	8.317104204209478935e-01
6.583166332665330023e-01	9.202373611542021825e-01	7.475659550988213997e-01	8.123620998838726459e-01
6.981963927855709962e-01	9.111653504807962767e-01	7.220880978296405628e-01	7.924885394825593732e-01
7.380761523046091011e-01	9.017528694403474931e-01	6.963159852122654536e-01	7.721805040048480562e-01
7.779559118236472059e-01	8.920263794570115756e-01	6.703813783663463699e-01	7.515264052778534154e-01
8.178356713426851998e-01	8.820122999344671699e-01	6.444084779039821465e-01	7.306116682861012457e-01
8.577154308617233047e-01	8.717368639584818224e-01	6.185131554507150575e-01	7.095181826338056164e-01
8.975951903807614096e-01	8.612259847839205396e-01	5.928023776411384116e-01	6.883238407975706963e-01
9.374749498997994035e-01	8.505051338059855803e-01	5.673738141327805407e-01	6.671021626804288784e-01
9.773547094188375084e-01	8.395992304824091423e-01	5.423156177371181164e-01	6.459220042704415521e-01
1.017234468937875613e+00	8.285325444546187690e-01	5.177063620994549753e-01	6.248473467511586055e-01
1.057114228456913718e+00	8.173286099150753881e-01	4.936151204550596194e-01	6.039371612188502159e-01
1.096993987975951823e+00	8.060101520876137293e-01	4.701016678039181551e-01	5.832453432333665200e-01
1.136873747494989928e+00	7.945990255293685633e-01	4.472167883153484458e-01	5.628207107571129297e-01
1.176753507014028033e+00	7.831161638275957459e-01	4.250026698160107586e-01	5.427070586038570399e-01
1.216633266533066138e+00	7.715815401524990236e-01	4.034933677408834574e-01	5.229432623039881323e-01
1.256513026052104021e+00	7.600141380375476929e-01	3.827153218436336601e-01	5.035634242697811791e-01
1.296392785571142126e+00	7.484319316906695718e-01	3.626879101786615878e-01	4.845970552851320834e-01
1.336272545090180230e+00	7.368518750916918103e-01	3.434240262952145684e-01	4.660692846204399498e-01
1.376152304609218335e+00	7.252898991017446839e-01	3.249306671452089623e-01	4.480010924564485353e-01
1.416032064128256440e+00	7.137609157970972174e-01	3.072095208312702885e-01	4.304095587640743847e-01
1.455911823647294545e+00	7.022788292410243605e-01	2.902575449509480765e-01	4.133081233057229742e-01
1.495791583166332650e+00	6.908565519207189309e-01	2.740675278789132530e-01	3.967068519752051103e-01
1.535671342685370533e+00	6.795060260999455926e-01	2.586286268336116523e-01	3.806127052588803572e-01
1.575551102204408638e+00	6.682382493700981252e-01	2.439268779705984214e-01	3.650298051638489194e-01
1.615430861723446743e+00	6.570633037207614935e-01	2.299456750128676119e-01	3.499596975066953664e-01
1.655310621242484848e+00	6.459903874940915447e-01	2.166662140579127260e-01	3.354016069780828557e-01
1.695190380761522952e+00	6.350278496338234158e-01	2.040679031875989036e-01	3.213526828866966056e-01
1.735070140280561057e+00	6.241832256881459928e-01	1.921287363510902346e-01	3.078082339352731234e-01
1.774949899799598940e+00	6.134632750749066110e-01	1.808256316981323164e-01	2.947619507884196022e-01
1.814829659318637045e+00	6.028740191666489556e-01	1.701347351180968748e-01	2.822061155550767420e-01
1.854709418837675150e+00	5.924207798010546755e-01	1.600316901996577112e-01	2.701317976276915722e-01
1.894589178356713255e+00	5.821082178687747577e-01	1.504918761783844150e-01	2.585290355964531828e-01
1.934468937875751360e+00	5.719403716749456024e-01	1.414906156972023932e-01	2.473870051922416324e-01
1.974348697394789465e+00	5.619206948124647605e-01	1.330033543799192253e-01	2.366941734087720794e-01
2.014228456913827348e+00	5.520520933241337413e-01	1.250058143229197116e-01	2.264384391157871768e-01
2.054108216432865230e+00	5.423369619668676478e-01	1.174741236560982449e-01	2.166072606042937221e-01
2.093987975951903557e+00	5.327772194242640369e-01	1.103849243217143172e-01	2.071877706051316603e-01
2.133867735470941884e+00	5.233743423438949049e-01	1.037154601787207836e-01	1.981668793969502962e-01
2.173747494989979767e+00	5.141293981027893478e-01	9.744364746879753680e-02	1.895313666722394652e-01
2.213627254509017650e+00	5.050430762287946296e-01	9.154812958632321807e-02	1.812679628635282536e-01
2.253507014028055977e+00	4.961157184269688880e-01	8.600831798430645658e-02	1.733634206491431184e-01
2.293386773547093860e+00	4.873473471790156775e-01	8.080442092735611037e-02	1.658045773616871332e-01
2.333266533066132187e+00	4.787376929001858628e-01	7.591746167567015036e-02	1.585784090150982040e-01
2.373146292585170070e+00	4.702862196522311633e-01	7.132928755450787528e-02	1.516720766499488338e-01
2.413026052104207952e+00	4.619921494230534442e-01	6.702257123465926725e-02	1.450729656734613682e-01
2.452905811623246279e+00	4.538544849938813130e-01	6.298080542341091825e-02	1.387687188422518370e-01
2.492785571142284162e+00	4.458720314232443860e-01	5.918829204417209305e-02	1.327472635034772086e-01
2.532665330661322489e+00	4.380434161839342755e-01	5.563012686759483127e-02	1.269968336751254034e-01
2.572545090180360372e+00	4.303671079946682632e-01	5.229218044856855097e-02	1.215059875096597547e-01
2.612424849699398699e+00	4.228414343924786767e-01	4.916107612245521757e-02	1.162636206479808337e-01
2.652304609218436582e+00	4.154645980950941730e-01	4.622416572064383389e-02	1.112589759334049327e-01
2.692184368737474465e+00	4.082346922048696314e-01	4.346950357999801451e-02	1.064816499186285598e-01
2.732064128256512792e+00	4.011497143073151084e-01	4.088581934295631298e-02	1.019215965629088477e-01
2.771943887775550674e+00	3.942075795180621234e-01	3.846248997468157405e-02	9.756912848226771684e-02
2.811823647294589001e+00	3.874061325323006066e-01	3.618951136041745342e-02	9.341491608267221691e-02
2.851703406813626884e+00	3.807431587304209719e-01	3.405746978970860400e-02	8.944998487503341700e-02
2.891583166332665211e+00	3.742163943928711323e-01	3.205751358393295336e-02	8.566571124160146655e-02
2.931462925851703094e+00	3.678235360761826778e-01	3.018132507922886495e-02	8.205381689598510719e-02
2.971342685370740977e+00	3.615622492007757871e-01	2.842109313790040434e-02	7.860636225359399210e-02
3.011222444889779304e+00	3.554301758996036842e-01	2.676948632729332991e-02	7.531573890578933950e-02
3.051102204408817187e+00	3.494249421749652251e-01	2.521962687549155618e-02	7.217466136937500387e-02
3.090981963927855514e+00	3.435441644089697877e-01	2.376506548755930384e-02	6.917615826321632522e-02
3.130861723446893397e+00	3.377854552712007963e-01	2.239975708403245738e-02	6.631356304565619308e-02
3.170741482965931279e+00	3.321464290651300888e-01	2.111803750455584425e-02	6.358050442991466933e-02
3.210621242484969606e+00	3.266247065528191107e-01	1.991460120361537162e-02	6.097089657972626364e-02
3.250501002004007489e+00	3.212179192954185414e-01	1.878447995188986183e-02	5.847892917397956580e-02
3.290380761523045816e+00	3.159237135449637912e-01	1.772302254554509668e-02	5.609905741698199139e-02
3.330260521042083699e+00	3.107397537209901084e-01	1.672587551653806001e-02	5.382599206008267106e-02
3.370140280561122026e+00	3.056637255035477008e-01	1.578896482943899227e-02	5.165468949064333515e-02
3.410020040080159909e+00	3.006933385723161711e-01	1.490847854419258267e-02	4.958034193566653036e-02
3.449899799599197792e+00	2.958263290196920248e-01	1.408085041942318781e-02	4.759836781967394931e-02
3.489779559118236119e+00	2.910604614639648591e-01	1.330274442716586521e-02	4.570440230959652711e-02
3.529659318637274001e+00	2.863935308870123597e-01	1.257104014711474954e-02	4.389428807340715194e-02
3.569539078156312328e+00	2.818233642193297417e-01	1.188281900648345026e-02	4.216406627392190604e-02
3.609418837675350211e+00	2.773478216936724472e-01	1.123535133024584735e-02	4.050996781454864470e-02
3.649298597194388538e+00	2.729647979871284713e-01	1.062608416576023979e-02	3.892840484970266218e-02
3.689178356713426421e+00	2.686722231700524044e-01	1.005262984548293756e-02	3.741596256908279183e-02
3.729058116232464304e+00	2.644680634789799423e-01	9.512755251564940229e-03	3.596939126194728664e-02
3.768937875751502631e+00	2.603503219294084348e-01	9.004371746528426479e-03	3.458559866490150403e-02
3.808817635270540514e+00	2.563170387831610886e-01	8.525525734875125106e-03	3.326164259445718585e-02
3.848697394789578841e+00	2.523662918839580382e-01	8.074389821335285766e-03	3.199472386370845467e-02
3.888577154308616723e+00	2.484961968737923466e-01	7.649254532477998622e-03	3.078217948085115035e-02
3.928456913827654606e+00	2.447049073017409648e-01	7.248520569533061821e-03	2.962147612591622264e-02
3.968336673346692933e+00	2.409906146359451218e-01	6.870691561489464250e-03	2.851020390096412407e-02
4.008216432865730816e+00	2.373515481886498690e-01	6.514367288808051333e-03	2.744607034806595749e-02
4.048096192384768699e+00	2.337859749634066953e-01	6.178237349393603077e-03	2.642689472865363681e-02
4.087975951903806582e+00	2.302921994328136213e-01	5.861075239795972454e-03	2.545060255723471249e-02
4.127855711422844465e+00	2.268685632544845399e-01	5.561732825934624300e-03	2.451522038201423351e-02
4.167735470941883236e+00	2.235134449323045169e-01	5.279135178954045930e-03	2.361887080463073371e-02
4.207615230460921119e+00	2.202252594294435706e-01	5.012275753108960674e-03	2.275976773098005446e-02
4.247494989979959001e+00	2.170024577390501364e-01	4.760211883839053464e-03	2.193621184495202561e-02
4.287374749498996884e+00	2.138435264180442719e-01	4.522060585418305467e-03	2.114658629683321273e-02
4.327254509018034767e+00	2.107469870889585872e-01	4.296994628747800513e-03	2.038935259811801293e-02
4.367134268537073538e+00	2.077113959143423727e-01	4.084238881000611457e-03	1.966304671451392719e-02
4.407014028056111421e+00	2.047353430478434100e-01	3.883066889920379697e-03	1.896627534901469680e-02
4.446893787575149304e+00	2.018174520657109727e-01	3.692797696619870996e-03	1.829771240703955901e-02
4.486773547094187187e+00	1.989563793821224336e-01	3.512792861721758877e-03	1.765609563579245006e-02
4.526653306613225070e+00	1.961508136514193146e-01	3.342453690630665507e-03	1.704022343017428526e-02
4.566533066132263841e+00	1.933994751600491280e-01	3.181218644623807004e-03	1.644895179778107716e-02
4.606412825651301723e+00	1.907011152107415397e-01	3.028560925297983653e-03	1.588119147573498202e-02
4.646292585170339606e+00	1.880545155011998093e-01	2.883986220714227118e-03	1.533590519232082283e-02
4.686172344689377489e+00	1.854584874993646937e-01	2.747030602339827453e-03	1.481210506663512699e-02
4.726052104208415372e+00	1.829118718170975044e-01	2.617258562601640966e-03	1.430885013969331390e-02
4.765931863727454143e+00	1.804135375839392708e-01	2.494261183536759362e-03	1.382524403068299997e-02
4.805811623246492026e+00	1.779623818224287946e-01	2.377654427658239429e-03	1.336043271229460025e-02
4.845691382765529909e+00	1.755573288262990417e-01	2.267077542746366667e-03	1.291360239930212234e-02
4.885571142284567792e+00	1.731973295427282622e-01	2.162191572832048228e-03	1.248397754480752228e-02
4.925450901803606563e+00	1.708813609596848138e-01	2.062677968159792961e-03	1.207081893879830524e-02
4.965330661322644445e+00	1.686084254992830933e-01	1.968237287405453888e-03	1.167342190390018714e-02
5.005210420841682328e+00	1.663775504179551279e-01	1.878587985880150009e-03	1.129111458343370553e-02
5.045090180360720211e+00	1.641877872141418171e-01	1.793465283878370843e-03	1.092325631710502898e-02
5.084969939879758094e+00	1.620382110441116186e-01	1.712620109726721400e-03	1.056923609987582037e-02
5.124849699398796865e+00	1.599279201464322009e-01	1.635818112461948862e-03	1.022847111976552502e-02
5.164729458917834748e+00	1.578560352755421503e-01	1.562838739414249218e-03	9.900405370540762279e-03
5.204609218436872631e+00	1.558216991447993471e-01	1.493474374295852619e-03	9.584508335440637336e-03
5.244488977955910514e+00	1.538240758793204821e-01	1.427529531697136053e-03	9.280273738274072426e-03
5.284368737474948396e+00	1.518623504788667311e-01	1.364820104174185866e-03	8.987218358404871696e-03
5.324248496993987168e+00	1.499357282909798417e-01	1.305172658374289174e-03	8.704880906313031477e-03
5.364128256513025050e+00	1.480434344945256997e-01	1.248423776890433953e-03	8.432820956586210143e-03
5.404008016032062933e+00	1.461847135937580644e-01	1.194419442763676150e-03	8.170617935353513203e-03
5.443887775551100816e+00	1.443588289229811583e-01	1.143014463764474228e-03	7.917870159325685053e-03
5.483767535070138699e+00	1.425650621618505809e-01	1.094071933781501187e-03	7.674193923749903987e-03
5.523647294589177470e+00	1.408027128613247581e-01	1.047462728830394129e-03	7.439222636725970235e-03
5.563527054108215353e+00	1.390710979802508018e-01	1.003065035365998791e-03	7.212605997462117648e-03
5.603406813627253236e+00	1.373695514325429801e-01	9.607639087409072885e-04	6.994009216174097536e-03
5.643286573146291119e+00	1.356974236448923732e-01	9.204508598013344707e-04	6.783112273450890399e-03
5.683166332665329890e+00	1.340540811249252007e-01	8.820234677492064549e-04	6.579609217023743746e-03
5.723046092184367772e+00	1.324389060397115903e-01	8.453850175276709763e-04	6.383207493983554699e-03
5.762925851703405655e+00	1.308512958045106034e-01	8.104441601065536741e-04	6.193627316594114800e-03
5.802805611222443538e+00	1.292906626816253679e-01	7.771145941553645299e-04	6.010601059946513863e-03
5.842685370741481421e+00	1.277564333892304838e-01	7.453147676947158079e-04	5.833872689792417125e-03
5.882565130260520192e+00	1.262480487200235979e-01	7.149675984131351799e-04	5.663197218981948049e-03
5.922444889779558075e+00	1.247649631695458838e-01	6.860002114256601603e-04	5.498340191015319012e-03
5.962324649298595958e+00	1.233066445740079592e-01	6.583436933337537267e-04	5.339077189296311497e-03
6.002204408817633841e+00	1.218725737574529178e-01	6.319328615234875123e-04	5.185193370750839151e-03
6.042084168336671723e+00	1.204622441880829897e-01	6.067060477109241208e-04	5.036483022544784201e-03
6.081963927855710494e+00	1.190751616435719862e-01	5.826048948106096357e-04	4.892749140702596332e-03
6.121843687374748377e+00	1.177108438851841299e-01	5.595741662654567716e-04	4.753803029492072868e-03
6.161723446893786260e+00	1.163688203405159466e-01	5.375615670342688080e-04	4.619463920500935759e-03
6.201603206412824143e+00	1.150486317946775167e-01	5.165175754871691779e-04	4.489558610388139602e-03
6.241482965931862026e+00	1.137498300897289288e-01	4.963952855094564158e-04	4.363921116347043751e-03
6.281362725450900797e+00	1.124719778321856545e-01	4.771502581611499795e-04	4.242392348368624957e-03
6.321242484969938680e+00	1.112146481084092114e-01	4.587403822830770088e-04	4.124819797441687391e-03
6.361122244488976563e+00	1.099774242076974468e-01	4.411257434808511053e-04	4.011057238872631908e-03
6.401002004008014445e+00	1.087598993528927083e-01	4.242685009558969881e-04	3.900964449951126525e-03
6.440881763527053216e+00	1.075616764383249963e-01	4.081327716877847060e-04	3.794406941228782148e-03
6.480761523046091099e+00	1.063823677749104607e-01	3.926845215049174528e-04	3.691255700717063423e-03
6.520641282565128982e+00	1.052215948422268871e-01	3.778914626111059888e-04	3.591386950347314529e-03
6.560521042084166865e+00	1.040789880473905193e-01	3.637229571639911583e-04	3.494681914070651551e-03
6.600400801603204748e+00	1.029541864905604426e-01	3.501499265277520476e-04	3.401026597008333097e-03
6.640280561122243519e+00	1.018468377368995925e-01	3.371447658472181584e-04	3.310311575094383382e-03
6.680160320641281402e+00	1.007565975948246234e-01	3.246812636135137800e-04	3.222431794681711488e-03
6.720040080160319285e+00	9.968312990037853094e-02	3.127345259127933537e-04	3.137286381610754696e-03
6.759919839679357167e+00	9.862610630756464547e-02	3.012809050696396381e-04	3.054778459266127479e-03
6.799799599198395050e+00	9.758520608448205402e-02	2.902979324153223770e-04	2.974814975171583779e-03
6.839679358717433821e+00	9.656011591510628433e-02	2.797642549285183451e-04	2.897306535697217154e-03
6.879559118236471704e+00	9.555052970656306710e-02	2.696595755123153766e-04	2.822167248475162746e-03
6.919438877755509587e+00	9.455614840174432489e-02	2.599645966864478708e-04	2.749314572141055985e-03
6.959318637274547470e+00	9.357667979712082362e-02	2.506609674878486132e-04	2.678669173038568992e-03
6.999198396793585353e+00	9.261183836560789306e-02	2.417312333857769792e-04	2.610154788543163872e-03
7.039078156312624124e+00	9.166134508434424510e-02	2.331587890300889526e-04	2.543698096679059776e-03
7.078957915831662007e+00	9.072492726724745715e-02	2.249278336627098113e-04	2.479228591720358029e-03
7.118837675350699890e+00	8.980231840221240824e-02	2.170233290330904590e-04	2.416678465483178273e-03
7.158717434869737772e+00	8.889325799282274398e-02	2.094309596684613484e-04	2.355982494030884299e-03
7.198597194388776543e+00	8.799749140444843021e-02	2.021370953590517837e-04	2.297077929528720721e-03
7.238476953907814426e+00	8.711476971460550833e-02	1.951287557271925825e-04	2.239904396997764550e-03
7.278356713426852309e+00	8.624484956745730180e-02	1.883935767573943364e-04	2.184403795730901869e-03
7.318236472945890192e+00	8.538749303234002830e-02	1.819197791721403055e-04	2.130520205145725824e-03
7.358116232464928075e+00	8.454246746619789588e-02	1.756961385452670893e-04	2.078199794860667061e-03
7.397995991983966846e+00	8.370954537981660504e-02	1.697119570514970686e-04	2.027390738791620337e-03
7.437875751503004729e+00	8.288850430774657996e-02	1.639570367569266607e-04	1.978043133076579779e-03
7.477755511022042612e+00	8.207912668181042981e-02	1.584216543611230736e-04	1.930108917645573935e-03
7.517635270541080494e+00	8.128119970809216666e-02	1.530965373069507487e-04	1.883541801262424327e-03
7.557515030060118377e+00	8.049451524730817653e-02	1.479728411793639422e-04	1.838297189873596034e-03
7.597394789579157148e+00	7.971886969846268822e-02	1.430421283191921219e-04	1.794332118107672775e-03
7.637274549098195031e+00	7.895406388569378708e-02	1.382963475824336116e-04	1.751605183776898042e-03
7.677154308617232914e+00	7.819990294821756172e-02	1.337278151797631444e-04	1.710076485239566887e-03
7.717034068136270797e+00	7.745619623328189873e-02	1.293291965349017915e-04	1.669707561489196376e-03
7.756913827655308680e+00	7.672275719204268984e-02	1.250934891041735608e-04	1.630461334843003084e-03
7.796793587174347451e+00	7.599940327827857389e-02	1.210140061030280260e-04	1.592302056108578587e-03
7.836673346693385334e+00	7.528595584986237654e-02	1.170843610885439589e-04	1.555195252113651672e-03
7.876553106212423216e+00	7.458224007290953361e-02	1.132984533499558814e-04	1.519107675489479031e-03
7.916432865731461099e+00	7.388808482852680937e-02	1.096504540620946546e-04	1.484007256603850442e-03
7.956312625250499870e+00	7.320332262208591179e-02	1.061347931592915251e-04	1.449863057544740260e-03
7.996192384769537753e+00	7.252778949494953498e-02	1.027461468897991609e-04	1.416645228060533579e-03
8.036072144288576524e+00	7.186132493857903814e-02	9.947942601312560165e-05	1.384324963367321391e-03
8.075951903807613519e+00	7.120377181095531582e-02	9.632976460487868448e-05	1.352874463738134702e-03
8.115831663326652290e+00	7.055497625524599636e-02	9.329250943578027702e-05	1.322266895793103867e-03
8.155711422845689285e+00	6.991478762065488073e-02	9.036320989345168807e-05	1.292476355413482367e-03
8.195591182364728056e+00	6.928305838539018657e-02	8.753760841738529217e-05	1.263477832206155380e-03
8.235470941883766827e+00	6.865964408169138167e-02	8.481163141923148748e-05	1.235247175448833277e-03
8.275350701402803821e+00	6.804440322285509879e-02	8.218138066212910149e-05	1.207761061449438974e-03
8.315230460921842592e+00	6.743719723220288620e-02	7.964312507431833019e-05	1.180996962256414869e-03
8.355110220440879587e+00	6.683789037393535193e-02	7.719329297368939403e-05	1.154933115659681400e-03
8.394989979959918358e+00	6.624634968581835648e-02	7.482846468125046459e-05	1.129548496424842606e-03
8.434869739478957129e+00	6.566244491364925384e-02	7.254536550275107558e-05	1.104822788705984733e-03
8.474749498997994124e+00	6.508604844745201345e-02	7.034085905886990509e-05	1.080736359584964128e-03
8.514629258517032895e+00	6.451703525935199857e-02	6.821194094548437210e-05	1.057270233687571375e-03
8.554509018036069889e+00	6.395528284308281408e-02	6.615573270657869787e-05	1.034406068829291092e-03
8.594388777555108661e+00	6.340067115507805329e-02	6.416947610332184851e-05	1.012126132645556559e-03
8.634268537074147432e+00	6.285308255710406189e-02	6.225052766377382198e-05	9.904132801635814540e-04
8.674148296593184426e+00	6.231240176038870676e-02	6.039635349853690247e-05	9.692509322747720887e-04
8.714028056112223197e+00	6.177851577120452992e-02	5.860452436848898842e-05	9.486230550686851814e-04
8.753907815631260192e+00	6.125131383786529965e-02	5.687271099150304512e-05	9.285141399913055156e-04
8.793787575150298963e+00	6.073068739909508879e-02	5.519867957577471822e-05	9.089091847920891367e-04
8.833667334669337734e+00	6.021653003373227120e-02	5.358028756806714252e-05	8.897936752259284982e-04
8.873547094188374729e+00	5.970873741173002291e-02	5.201547960581737737e-05	8.711535674776926027e-04
8.913426853707413500e+00	5.920720724641720389e-02	5.050228366265543614e-05	8.529752712785059095e-04
8.953306613226450494e+00	5.871183924798440562e-02	4.903880737745631405e-05	8.352456336843481349e-04
8.993186372745489265e+00	5.822253507816024104e-02	4.762323455757846665e-05	8.179519234888543190e-04
9.033066132264528036e+00	5.773919830604541670e-02	4.625382184745273508e-05	8.010818162435390504e-04
9.072945891783565031e+00	5.726173436507142611e-02	4.492889555415679342e-05	7.846233798598068300e-04
9.112825651302603802e+00	5.679005051105302793e-02	4.364684862206405416e-05	7.685650607683309305e-04
9.152705410821640797e+00	5.632405578130401935e-02	4.240613774907791862e-05	7.528956706124498559e-04
9.192585170340679568e+00	5.586366095478645377e-02	4.120528063736160512e-05	7.376043734532779532e-04
9.232464929859718339e+00	5.540877851326519304e-02	4.004285337185338006e-05	7.226806734652502142e-04
9.272344689378755334e+00	5.495932260343939363e-02	3.891748792021020297e-05	7.081144031017353986e-04
9.312224448897794105e+00	5.451520900002431586e-02	3.782786974816153503e-05	6.938957117112888985e-04
9.352104208416831099e+00	5.407635506975734530e-02	3.677273554457115989e-05	6.800150545859666744e-04
9.391983967935869870e+00	5.364267973630226088e-02	3.575087105080362420e-05	6.664631824239292124e-04
9.431863727454908641e+00	5.321410344602787307e-02	3.476110898927763988e-05	6.532311311893831355e-04
9.471743486973945636e+00	5.279054813463641971e-02	3.380232708635270549e-05	6.403102123536134806e-04
9.511623246492984407e+00	5.237193719461872427e-02	3.287344618495007963e-05	6.276920035015978901e-04
9.551503006012021402e+00	5.195819544351379382e-02	3.197342844254766862e-05	6.153683392893713727e-04
9.591382765531060173e+00	5.154924909295043739e-02	3.110127561041208926e-05	6.033313027379347921e-04
9.631262525050098944e+00	5.114502571845021273e-02	3.025602739014716363e-05	5.915732168501483751e-04
9.671142284569135938e+00	5.074545422997066985e-02	2.943675986383701736e-05	5.800866365376118475e-04
9.711022044088174709e+00	5.035046484316896276e-02	2.864258399425421170e-05	5.688643408451102539e-04
9.750901803607213481e+00	4.995998905136656010e-02	2.787264419178314174e-05	5.578993254607356655e-04
9.790781563126250475e+00	4.957395959819591719e-02	2.712611694487902691e-05	5.471847955003011953e-04
9.830661322645289246e+00	4.919231045091082555e-02	2.640220951104457311e-05	5.367141585551552093e-04
9.870541082164326241e+00	4.881497677434297466e-02	2.570015866545939711e-05	5.264810179929724308e-04
9.910420841683365012e+00	4.844189490548674037e-02	2.501922950454035067e-05	5.164791665015267853e-04
9.950300601202403783e+00	4.807300232869632373e-02	2.435871430184984629e-05	5.067025798659000220e-04
9.990180360721440778e+00	4.770823765147805956e-02	2.371793141389633437e-05	4.971454109699548424e-04
1.003006012024047955e+01	4.734754058086263623e-02	2.309622423349559577e-05	4.878019840133119688e-04
1.006993987975951654e+01	4.699085190034175963e-02	2.249296018847698420e-05	4.786667889354309690e-04
1.010981963927855531e+01	4.663811344735398906e-02	2.190752978362785474e-05	4.697344760387338488e-04
1.014969939879759409e+01	4.628926809130580466e-02	2.133934568387562517e-05	4.609998508030773725e-04
1.018957915831663108e+01	4.594425971211328619e-02	2.078784183680342513e-05	4.524578688841660273e-04
1.022945891783566985e+01	4.560303317925097633e-02	2.025247263269034826e-05	4.441036312888298047e-04
1.026933867735470685e+01	4.526553433129471005e-02	1.973271210035586843e-05	4.359323797203801796e-04
1.030921843687374562e+01	4.493170995594518435e-02	1.922805313717110184e-05	4.279394920875234090e-04
1.034909819639278439e+01	4.460150777052016013e-02	1.873800677168081046e-05	4.201204781706033287e-04
1.038897795591182138e+01	4.427487640290257015e-02	1.826210145735415773e-05	4.124709754391754635e-04
1.042885771543086015e+01	4.395176537293313951e-02	1.779988239605513985e-05	4.049867450151810864e-04
1.046873747494989715e+01	4.363212507423580577e-02	1.735091088989112459e-05	3.976636677762139679e-04
1.050861723446893592e+01	4.331590675646470462e-02	1.691476372016229737e-05	3.904977405935948715e-04
1.054849699398797469e+01	4.300306250796200741e-02	1.649103255219671205e-05	3.834850727001920360e-04
1.058837675350701168e+01	4.269354523881584845e-02	1.607932336491302189e-05	3.766218821831203889e-04
1.062825651302605046e+01	4.238730866430817645e-02	1.567925590400879229e-05	3.699044925966568794e-04
1.066813627254508745e+01	4.208430728874264920e-02	1.529046315772456601e-05	3.633293296908962373e-04
1.070801603206412622e+01	4.178449638964256557e-02	1.491259085418308048e-05	3.568929182518417354e-04
1.074789579158316499e+01	4.148783200230973800e-02	1.454529697935126588e-05	3.505918790488133730e-04
1.078777555110220199e+01	4.119427090473492398e-02	1.418825131471659788e-05	3.444229258852055716e-04
1.082765531062124076e+01	4.090377060285083771e-02	1.384113499381251690e-05	3.383828627487912182e-04
1.086753507014027775e+01	4.061628931611942911e-02	1.350364007676838835e-05	3.324685810579250714e-04
1.090741482965931652e+01	4.033178596344447198e-02	1.317546914209705259e-05	3.266770570001265592e-04
1.094729458917835530e+01	4.005022014940173847e-02	1.285633489497088081e-05	3.210053489596841948e-04
1.098717434869739229e+01	3.977155215077853023e-02	1.254595979127090588e-05	3.154505950310344245e-04
1.102705410821643106e+01	3.949574290341480165e-02	1.224407567672734600e-05	3.100100106148078556e-04
1.106693386773546983e+01	3.922275398933849216e-02	1.195042344050118460e-05	3.046808860935553451e-04
1.110681362725450683e+01	3.895254762418764310e-02	1.166475268258620248e-05	2.994605845842790784e-04
1.114669338677354560e+01	3.868508664491199234e-02	1.138682139443926056e-05	2.943465397650051702e-04
1.118657314629258259e+01	3.842033449774759357e-02	1.111639565227435555e-05	2.893362537727530381e-04
1.122645290581162136e+01	3.815825522645701490e-02	1.085324932248056805e-05	2.844272951703376274e-04
1.126633266533066013e+01	3.789881346082923236e-02	1.059716377864976961e-05	2.796172969795635704e-04
1.130621242484969713e+01	3.764197440543233519e-02	1.034792762972231986e-05	2.749039547784440309e-04
1.134609218436873590e+01	3.738770382861305447e-02	1.010533645878171268e-05	2.702850248601796615e-04
1.138597194388777289e+01	3.713596805173704357e-02	9.869192572050204535e-06	2.657583224517172361e-04
1.142585170340681167e+01	3.688673393866395700e-02	9.639304757657276790e-06	2.613217199897859585e-04
1.146573146292585044e+01	3.663996888545162367e-02	9.415488053772416615e-06	2.569731454523958088e-04
1.150561122244488743e+01	3.639564081028383302e-02	9.197563525711598701e-06	2.527105807438555772e-04
1.154549098196392620e+01	3.615371814361606484e-02	8.985358051644268463e-06	2.485320601314385501e-04
1.158537074148296320e+01	3.591416981853422230e-02	8.778704116544542674e-06	2.444356687319031184e-04
1.162525050100200197e+01	3.567696526132084489e-02	8.577439614045540884e-06	2.404195410461316604e-04
1.166513026052104074e+01	3.544207438222420070e-02	8.381407655871417594e-06	2.364818595402268914e-04
1.170501002004007773e+01	3.520946756642498454e-02	8.190456388535520866e-06	2.326208532714584053e-04
1.174488977955911650e+01	3.497911566519613241e-02	8.004438817006987662e-06	2.288347965575162886e-04
1.178476953907815350e+01	3.475098998725116572e-02	7.823212635061276165e-06	2.251220076875887557e-04
1.182464929859719227e+01	3.452506229027627049e-02	7.646640062042039555e-06	2.214808476738261791e-04
1.186452905811623104e+01	3.430130477264212857e-02	7.474587685774247073e-06	2.179097190418188606e-04
1.190440881763526804e+01	3.407969006529091432e-02	7.306926311379251083e-06	2.144070646587576594e-04
1.194428857715430681e+01	3.386019122379439750e-02	7.143530815753446773e-06	2.109713665979981163e-04
1.198416833667334380e+01	3.364278172057933586e-02	6.984280007482710725e-06	2.076011450388008954e-04
1.202404809619238257e+01	3.342743543731570982e-02	6.829056491973944115e-06	2.042949572000528824e-04
1.206392785571142134e+01	3.321412665746454468e-02	6.677746541595319938e-06	2.010513963068350830e-04
1.210380761523045834e+01	3.300283005898118488e-02	6.530239970624943137e-06	1.978690905887279649e-04
1.214368737474949711e+01	3.279352070717043988e-02	6.386430014816601797e-06	1.947467023087942454e-04
1.218356713426853410e+01	3.258617404769023618e-02	6.246213215399444421e-06	1.916829268222173198e-04
1.222344689378757288e+01	3.238076589970011882e-02	6.109489307335923080e-06	1.886764916636052627e-04
1.226332665330661165e+01	3.217727244915132706e-02	5.976161111670034950e-06	1.857261556620115638e-04
1.230320641282564864e+01	3.197567024221517618e-02	5.846134431804851433e-06	1.828307080827541427e-04
1.234308617234468741e+01	3.177593617884644228e-02	5.719317953555045268e-06	1.799889677951472026e-04
1.238296593186372441e+01	3.157804750647880132e-02	5.595623148826838787e-06	1.771997824652963953e-04
1.242284569138276318e+01	3.138198181384910246e-02	5.474964182783603707e-06	1.744620277731300255e-04
1.246272545090180195e+01	3.118771702494771425e-02	5.357257824361658337e-06	1.717746066528779423e-04
1.250260521042083894e+01	3.099523139309187658e-02	5.242423360006079176e-06	1.691364485562283900e-04
1.254248496993987771e+01	3.080450349511925853e-02	5.130382510501957143e-06	1.665465087374262644e-04
1.258236472945891649e+01	3.061551222569923458e-02	5.021059350781741333e-06	1.640037675596023520e-04
1.262224448897795348e+01	3.042823679175883991e-02	4.914380232593961722e-06	1.615072298216428063e-04
1.266212424849699225e+01	3.024265670702104905e-02	4.810273709923620556e-06	1.590559241049375517e-04
1.270200400801602925e+01	3.005875178665275843e-02	4.708670467058902707e-06	1.566489021393673953e-04
1.274188376753506802e+01	2.987650214201999568e-02	4.609503249203201413e-06	1.542852381879114424e-04
1.278176352705410679e+01	2.969588817554795826e-02	4.512706795535580827e-06	1.519640284492791032e-04
1.282164328657314378e+01	2.951689057568352217e-02	4.418217774626724546e-06	1.496843904779903269e-04
1.286152304609218255e+01	2.933949031195788246e-02	4.325974722121200416e-06	1.474454626213484647e-04
1.290140280561121955e+01	2.916366863014718119e-02	4.235917980600505669e-06	1.452464034727694072e-04
1.294128256513025832e+01	2.898940704752880557e-02	4.147989641544738683e-06	1.430863913409478525e-04
1.298116232464929709e+01	2.881668734823140260e-02	4.062133489314182595e-06	1.409646237343617546e-04
1.302104208416833409e+01	2.864549157867634158e-02	3.978294947075071765e-06	1.388803168606297467e-04
1.306092184368737286e+01	2.847580204310869514e-02	3.896421024596979194e-06	1.368327051402555734e-04
1.310080160320640985e+01	2.830760129921583781e-02	3.816460267852167428e-06	1.348210407343093740e-04
1.314068136272544862e+01	2.814087215383154553e-02	3.738362710349867921e-06	1.328445930856079593e-04
1.318056112224448739e+01	2.797559765872387194e-02	3.662079826141307473e-06	1.309026484729747958e-04
1.322044088176352439e+01	2.781176110646492797e-02	3.587564484433744911e-06	1.289945095781728222e-04
1.326032064128256316e+01	2.764934602638069450e-02	3.514770905754175710e-06	1.271194950651156387e-04
1.330020040080160015e+01	2.748833618057923422e-02	3.443654619605837750e-06	1.252769391709787096e-04
1.334008016032063892e+01	2.732871556005553315e-02	3.374172423562761748e-06	1.234661913088426553e-04
1.337995991983967770e+01	2.717046838087131336e-02	3.306282343749810942e-06	1.216866156815138417e-04
1.341983967935871469e+01	2.701357908040821071e-02	3.239943596657716274e-06	1.199375909061790364e-04
1.345971943887775346e+01	2.685803231369265909e-02	3.175116552244522535e-06	1.182185096495619585e-04
1.349959919839679046e+01	2.670381294979111073e-02	3.111762698276899311e-06	1.165287782732630622e-04
1.353947895791582923e+01	2.655090606827381280e-02	3.049844605866325314e-06	1.148678164889688392e-04
1.357935871743486800e+01	2.639929695574596766e-02	2.989325896157205328e-06	1.132350570232348711e-04
1.361923847695390499e+01	2.624897110244457654e-02	2.930171208125340204e-06	1.116299452915490688e-04
1.365911823647294376e+01	2.609991419889967287e-02	2.872346167446974503e-06	1.100519390813962028e-04
1.369899799599198076e+01	2.595211213265868552e-02	2.815817356400133774e-06	1.085005082440534729e-04
1.373887775551101953e+01	2.580555098507229805e-02	2.760552284761297549e-06	1.069751343948513385e-04
1.377875751503005830e+01	2.566021702814084982e-02	2.706519361662102444e-06	1.054753106216497555e-04
1.381863727454909530e+01	2.551609672141968641e-02	2.653687868371866241e-06	1.040005412012804937e-04
1.385851703406813407e+01	2.537317670898241867e-02	2.602027931973206577e-06	1.025503413237198837e-04
1.389839679358717106e+01	2.523144381644080309e-02	2.551510499899195478e-06	1.011242368237616268e-04
1.393827655310620983e+01	2.509088504802003960e-02	2.502107315301672165e-06	9.972176391996652608e-05
1.397815631262524860e+01	2.495148758368831779e-02	2.453790893221502518e-06	9.834246896067365374e-05
1.401803607214428560e+01	2.481323877633956343e-02	2.406534497532703518e-06	9.698590817686534248e-05
1.405791583166332437e+01	2.467612614902808463e-02	2.360312118633303450e-06	9.565164744168194158e-05
1.409779559118236314e+01	2.454013739225434712e-02	2.315098451857000054e-06	9.433926203639427075e-05
1.413767535070140013e+01	2.440526036130043902e-02	2.270868876580417790e-06	9.304833642264055346e-05
1.417755511022043891e+01	2.427148307361449292e-02	2.227599436001911470e-06	9.177846402074758120e-05
1.421743486973947590e+01	2.413879370624296208e-02	2.185266817568663484e-06	9.052924699395782507e-05
1.425731462925851467e+01	2.400718059330964743e-02	2.143848334029629545e-06	8.930029603838944259e-05
1.429719438877755344e+01	2.387663222354073980e-02	2.103321905092867414e-06	8.809123017856490946e-05
1.433707414829659044e+01	2.374713723783471175e-02	2.063666039666422634e-06	8.690167656834537496e-05
1.437695390781562921e+01	2.361868442687625053e-02	2.024859818662784662e-06	8.573127029711483267e-05
1.441683366733466620e+01	2.349126272879338215e-02	1.986882878347695509e-06	8.457965420106435114e-05
1.445671342685370497e+01	2.336486122685672503e-02	1.949715394214677415e-06	8.344647867942730016e-05
1.449659318637274374e+01	2.323946914722025553e-02	1.913338065367472831e-06	8.233140151552614436e-05
1.453647294589178074e+01	2.311507585670252024e-02	1.877732099393116789e-06	8.123408770249152477e-05
1.457635270541081951e+01	2.299167086060760826e-02	1.842879197709051486e-06	8.015420927352075924e-05
1.461623246492985650e+01	2.286924380058506789e-02	1.808761541368298697e-06	7.909144513654731113e-05
1.465611222444889528e+01	2.274778445252791104e-02	1.775361777307236768e-06	7.804548091319480805e-05
1.469599198396793405e+01	2.262728272450802852e-02	1.742663005021140047e-06	7.701600878189538628e-05
1.473587174348697104e+01	2.250772865474821166e-02	1.710648763653131377e-06	7.600272732505393891e-05
1.477575150300600981e+01	2.238911240963002702e-02	1.679303019482730855e-06	7.500534138014453489e-05
1.481563126252504681e+01	2.227142428173694774e-02	1.648610153800696079e-06	7.402356189462890815e-05
1.485551102204408558e+01	2.215465468793180112e-02	1.618554951157265230e-06	7.305710578458858323e-05
1.489539078156312435e+01	2.203879416746820641e-02	1.589122587971471238e-06	7.210569579696872217e-05
1.493527054108216134e+01	2.192383338013490640e-02	1.560298621489507000e-06	7.116906037533049035e-05
1.497515030060120012e+01	2.180976310443271185e-02	1.532068979080679183e-06	7.024693352901640946e-05
1.501503006012023711e+01	2.169657423578318783e-02	1.504419947859789039e-06	6.933905470563259663e-05
1.505490981963927588e+01	2.158425778476855128e-02	1.477338164625235017e-06	6.844516866675647785e-05
1.509478957915831465e+01	2.147280487540212737e-02	1.450810606102474979e-06	6.756502536678061046e-05
1.513466933867735165e+01	2.136220674342880974e-02	1.424824579482879729e-06	6.669837983480650183e-05
1.517454909819639042e+01	2.125245473465484786e-02	1.399367713248311075e-06	6.584499205950373460e-05
1.521442885771542741e+01	2.114354030330653153e-02	1.374427948272169130e-06	6.500462687685416732e-05
1.525430861723446618e+01	2.103545501041704027e-02	1.349993529187885801e-06	6.417705386070093920e-05
1.529418837675350495e+01	2.092819052224105872e-02	1.326052996016243400e-06	6.336204721602683163e-05
1.533406813627254195e+01	2.082173860869654738e-02	1.302595176043127214e-06	6.255938567488675685e-05
1.537394789579158072e+01	2.071609114183308245e-02	1.279609175939645974e-06	6.176885239492234164e-05
1.541382765531061771e+01	2.061124009432643497e-02	1.257084374116841911e-06	6.099023486038930559e-05
1.545370741482965649e+01	2.050717753799866094e-02	1.235010413307439722e-06	6.022332478562854281e-05
1.549358717434869526e+01	2.040389564236340034e-02	1.213377193367387053e-06	5.946791802091575360e-05
1.553346693386773225e+01	2.030138667319576068e-02	1.192174864290155665e-06	5.872381446062514295e-05
1.557334669338677102e+01	2.019964299112639999e-02	1.171393819427035094e-06	5.799081795364514251e-05
1.561322645290580979e+01	2.009865705025933383e-02	1.151024688906866989e-06	5.726873621598590146e-05
1.565310621242484679e+01	1.999842139681297717e-02	1.131058333248898520e-06	5.655738074551965375e-05
1.569298597194388556e+01	1.989892866778398758e-02	1.111485837162637997e-06	5.585656673879703436e-05
1.573286573146292255e+01	1.980017158963357296e-02	1.092298503528836844e-06	5.516611300988483635e-05
1.577274549098196132e+01	1.970214297699561870e-02	1.073487847555850374e-06	5.448584191116994134e-05
1.581262525050100010e+01	1.960483573140650929e-02	1.055045591105921214e-06	5.381557925607923860e-05
1.585250501002003709e+01	1.950824284005597126e-02	1.036963657186015179e-06	5.315515424366328766e-05
1.589238476953907586e+01	1.941235737455872246e-02	1.019234164598090354e-06	5.250439938499532158e-05
1.593226452905811286e+01	1.931717248974644530e-02	1.001849422743822203e-06	5.186315043133791315e-05
1.597214428857715163e+01	1.922268142247971975e-02	9.848019265789655243e-07	5.123124630403026985e-05
1.601202404809619040e+01	1.912887749047958996e-02	9.680843517127250517e-07	5.060852902605180039e-05
1.605190380761522917e+01	1.903575409117830991e-02	9.516895496476269116e-07	4.999484365521752056e-05
1.609178356713426794e+01	1.894330470058900456e-02	9.356105431555566570e-07	4.939003821896321804e-05
1.613166332665330671e+01	1.885152287219381967e-02	9.198405217857616483e-07	4.879396365067860717e-05
1.617154308617234548e+01	1.876040223585027575e-02	9.043728375007607024e-07	4.820647372754862249e-05
1.621142284569138070e+01	1.866993649671544117e-02	8.892010004362307783e-07	4.762742500986363002e-05
1.625130260521041947e+01	1.858011943418760165e-02	8.743186747810683680e-07	4.705667678176026370e-05
1.629118236472945824e+01	1.849094490086520756e-02	8.597196747739776330e-07	4.649409099335700653e-05
1.633106212424849701e+01	1.840240682152257182e-02	8.453979608129953498e-07	4.593953220424724709e-05
1.637094188376753578e+01	1.831449919210221752e-02	8.313476356745476976e-07	4.539286752831607236e-05
1.641082164328657100e+01	1.822721607872346272e-02	8.175629408386998842e-07	4.485396657984633278e-05
1.645070140280560977e+01	1.814055161670693334e-02	8.040382529173827432e-07	4.432270142088106724e-05
1.649058116232464855e+01	1.805450000961482393e-02	7.907680801824967984e-07	4.379894650981071736e-05
1.653046092184368732e+01	1.796905552830647609e-02	7.777470591908635338e-07	4.328257865115316068e-05
1.657034068136272609e+01	1.788421251000910095e-02	7.649699515031277581e-07	4.277347694649700474e-05
1.661022044088176131e+01	1.779996535740334396e-02	7.524316404937819744e-07	4.227152274657834668e-05
1.665010020040080008e+01	1.771630853772334854e-02	7.401271282495821309e-07	4.177659960446211809e-05
1.668997995991983885e+01	1.763323658187124915e-02	7.280515325537277878e-07	4.128859322980095735e-05
1.672985971943887762e+01	1.755074408354557330e-02	7.162000839532287543e-07	4.080739144414344065e-05
1.676973947895791639e+01	1.746882569838354576e-02	7.045681229070009531e-07	4.033288413726614544e-05
1.680961923847695161e+01	1.738747614311687839e-02	6.931510970122860461e-07	3.986496322450347799e-05
1.684949899799599038e+01	1.730669019474087231e-02	6.819445583070762780e-07	3.940352260505040980e-05
1.688937875751502915e+01	1.722646268969662067e-02	6.709441606463042446e-07	3.894845812121399260e-05
1.692925851703406792e+01	1.714678852306601373e-02	6.601456571496137196e-07	3.849966751858984680e-05
1.696913827655310669e+01	1.706766264777934139e-02	6.495448977186089956e-07	3.805705040714059097e-05
1.700901803607214191e+01	1.698908007383534424e-02	6.391378266215499639e-07	3.762050822315433186e-05
1.704889779559118068e+01	1.691103586753332083e-02	6.289204801434989125e-07	3.718994419206057524e-05
1.708877755511021945e+01	1.683352515071728783e-02	6.188889843000310066e-07	3.676526329208352041e-05
1.712865731462925822e+01	1.675654310003182879e-02	6.090395526126324831e-07	3.634637221871112191e-05
1.716853707414829699e+01	1.668008494618946139e-02	5.993684839439990051e-07	3.593317934996030801e-05
1.720841683366733221e+01	1.660414597324938110e-02	5.898721603915030496e-07	3.552559471241909103e-05
1.724829659318637098e+01	1.652872151790726885e-02	5.805470452371252538e-07	3.512352994804581672e-05
1.728817635270540976e+01	1.645380696879611762e-02	5.713896809522405675e-07	3.472689828170797506e-05
1.732805611222444853e+01	1.637939776579773812e-02	5.623966872556570489e-07	3.433561448944190376e-05
1.736793587174348730e+01	1.630548939936483574e-02	5.535647592233811634e-07	3.394959486741591550e-05
1.740781563126252252e+01	1.623207740985351671e-02	5.448906654486296053e-07	3.356875720158032813e-05
1.744769539078156129e+01	1.615915738686586958e-02	5.363712462506319121e-07	3.319302073798683386e-05
1.748757515030060006e+01	1.608672496860271556e-02	5.280034119308481827e-07	3.282230615376215068e-05
1.752745490981963883e+01	1.601477584122609765e-02	5.197841410752290719e-07	3.245653552871921837e-05
1.756733466933867760e+01	1.594330573823145997e-02	5.117104789012171231e-07	3.209563231759108589e-05
1.760721442885771282e+01	1.587231043982939918e-02	5.037795356482189978e-07	3.173952132287262266e-05
1.764709418837675159e+01	1.580178577233665171e-02	4.959884850103030373e-07	3.138812866825494298e-05
1.768697394789579036e+01	1.573172760757640329e-02	4.883345626099488068e-07	3.104138177263931608e-05
1.772685370741482913e+01	1.566213186228751497e-02	4.808150645116639383e-07	3.069920932471570840e-05
1.776673346693386790e+01	1.559299449754266050e-02	4.734273457743609901e-07	3.036154125809315427e-05
1.780661322645290312e+01	1.552431151817522219e-02	4.661688190414030255e-07	3.002830872696878189e-05
1.784649298597194189e+01	1.545607897221469573e-02	4.590369531672498561e-07	2.969944408232242671e-05
1.788637274549098066e+01	1.538829295033061241e-02	4.520292718796972452e-07	2.937488084862496351e-05
1.792625250501001943e+01	1.532094958528463190e-02	4.451433524766903540e-07	2.905455370104727557e-05
1.796613226452905820e+01	1.525404505139091489e-02	4.383768245567759374e-07	2.873839844315939505e-05
1.800601202404809342e+01	1.518757556398439741e-02	4.317273687822295767e-07	2.842635198510694305e-05
1.804589178356713219e+01	1.512153737889698410e-02	4.251927156739674000e-07	2.811835232225457624e-05
1.808577154308617096e+01	1.505592679194151136e-02	4.187706444373583591e-07	2.781433851428527601e-05
1.812565130260520974e+01	1.499074013840327388e-02	4.124589818180755228e-07	2.751425066474458083e-05
1.816553106212424851e+01	1.492597379253905558e-02	4.062556009871642912e-07	2.721802990101969188e-05
1.820541082164328373e+01	1.486162416708355222e-02	4.001584204545213640e-07	2.692561835474329137e-05
1.824529058116232250e+01	1.479768771276294970e-02	3.941654030099958777e-07	2.663695914261183424e-05
1.828517034068136127e+01	1.473416091781574316e-02	3.882745546913715563e-07	2.635199634760953153e-05
1.832505010020040004e+01	1.467104030752044118e-02	3.824839237784735819e-07	2.607067500062763707e-05
1.836492985971943881e+01	1.460832244373021747e-02	3.767915998127008535e-07	2.579294106247066241e-05
1.840480961923847403e+01	1.454600392441432292e-02	3.711957126412864721e-07	2.551874140624035470e-05
1.844468937875751280e+01	1.448408138320611376e-02	3.656944314856069208e-07	2.524802380008851353e-05
1.848456913827655157e+01	1.442255148895771159e-02	3.602859640329015947e-07	2.498073689033081989e-05
1.852444889779559034e+01	1.436141094530104037e-02	3.549685555507524235e-07	2.471683018491270558e-05
1.856432865731462911e+01	1.430065649021519322e-02	3.497404880237157351e-07	2.445625403721958226e-05
1.860420841683366433e+01	1.424028489560008083e-02	3.446000793115098369e-07	2.419895963022364061e-05
1.864408817635270310e+01	1.418029296685615996e-02	3.395456823281723802e-07	2.394489896095929160e-05
1.868396793587174187e+01	1.412067754247023528e-02	3.345756842416303190e-07	2.369402482532014141e-05
1.872384769539078064e+01	1.406143549360715922e-02	3.296885056931269145e-07	2.344629080316979885e-05
1.876372745490981941e+01	1.400256372370738481e-02	3.248826000359814730e-07	2.320165124375981014e-05
1.880360721442885463e+01	1.394405916809025175e-02	3.201564525931597262e-07	2.296006125144746371e-05
1.884348697394789340e+01	1.388591879356291039e-02	3.155085799331561649e-07	2.272147667170690218e-05
1.888336673346693217e+01	1.382813959803484358e-02	3.109375291637017565e-07	2.248585407742701589e-05
1.892324649298597095e+01	1.377071861013781130e-02	3.064418772428202742e-07	2.225315075548940972e-05
1.896312625250500972e+01	1.371365288885117995e-02	3.020202303067739867e-07	2.202332469362033073e-05
1.900300601202404494e+01	1.365693952313258401e-02	2.976712230144562392e-07	2.179633456751058356e-05
1.904288577154308371e+01	1.360057563155372441e-02	2.933935179077889875e-07	2.157213972819706371e-05
1.908276553106212248e+01	1.354455836194137612e-02	2.891858047877121958e-07	2.135070018970056923e-05
1.912264529058116125e+01	1.348888489102337968e-02	2.850468001053478307e-07	2.113197661691379540e-05
1.916252505010020002e+01	1.343355242407959921e-02	2.809752463679426208e-07	2.091593031373409136e-05
1.920240480961923879e+01	1.337855819459779667e-02	2.769699115592045535e-07	2.070252321143572732e-05
1.924228456913827401e+01	1.332389946393428698e-02	2.730295885736537961e-07	2.049171785727610872e-05
1.928216432865731278e+01	1.326957352097930115e-02	2.691530946646217534e-07	2.028347740333090289e-05
1.932204408817635155e+01	1.321557768182708356e-02	2.653392709055489656e-07	2.007776559555323289e-05
1.936192384769539032e+01	1.316190928945047689e-02	2.615869816642269937e-07	1.987454676305161602e-05
1.940180360721442909e+01	1.310856571338006246e-02	2.578951140896543189e-07	1.967378580758212368e-05
1.944168336673346431e+01	1.305554434938776577e-02	2.542625776111813671e-07	1.947544819325016497e-05
1.948156312625250308e+01	1.300284261917474156e-02	2.506883034496183913e-07	1.927949993641689988e-05
1.952144288577154185e+01	1.295045797006368245e-02	2.471712441400101739e-07	1.908590759580641624e-05
1.956132264529058062e+01	1.289838787469525447e-02	2.437103730657652589e-07	1.889463826280873731e-05
1.960120240480961940e+01	1.284662983072874104e-02	2.403046840038544750e-07	1.870565955197471959e-05
1.964108216432865461e+01	1.279518136054681558e-02	2.369531906807961324e-07	1.851893959169873780e-05
1.968096192384769338e+01	1.274404001096428145e-02	2.336549263391442428e-07	1.833444701508471191e-05
1.972084168336673216e+01	1.269320335294087977e-02	2.304089433142222115e-07	1.815215095099212522e-05
1.976072144288577093e+01	1.264266898129792586e-02	2.272143126208306339e-07	1.797202101525751384e-05
1.980060120240480970e+01	1.259243451443885393e-02	2.240701235496816773e-07	1.779402730208811721e-05
1.984048096192384492e+01	1.254249759407352789e-02	2.209754832733110724e-07	1.761814037562379017e-05
1.988036072144288369e+01	1.249285588494629222e-02	2.179295164612259416e-07	1.744433126166354084e-05
1.992024048096192246e+01	1.244350707456772301e-02	2.149313649040595770e-07	1.727257143955343509e-05
1.996012024048096123e+01	1.239444887294997161e-02	2.119801871464988875e-07	1.710283283423202547e-05
2.000000000000000000e+01	1.234567901234568180e-02	2.090751581287687033e-07	1.693508780843026192e-05
