Variables = mach, temperature_ratio(TbyT0),pressure_ratio(pbyp0),density_ratio(rhobyrho0) 
 zone t=gamma1.2 i= 500 f=point
1.000000000000000056e-01	9.990009990009991458e-01	9.940209441257491507e-01	9.950149650698747461e-01
1.398797595190380827e-01	9.980471862308969433e-01	9.883401708872149305e-01	9.902739915731435527e-01
1.797595190380761321e-01	9.967790595126309050e-01	9.808293072422826775e-01	9.839987085220803786e-01
2.196392785571142092e-01	9.951990193404200991e-01	9.715376520298265595e-01	9.762244869108940293e-01
2.595190380761522864e-01	9.933100438301283308e-01	9.605256374011387210e-01	9.669947901638289434e-01
2.993987975951903913e-01	9.911156747713704140e-01	9.478640852550211937e-01	9.563607047922771942e-01
3.392785571142283851e-01	9.886200011657728659e-01	9.336333478320240076e-01	9.443803956333990390e-01
3.791583166332664900e-01	9.858276403929321363e-01	9.179223487273180382e-01	9.311184948734563260e-01
4.190380761523045949e-01	9.827437171640840408e-01	9.008275421017648554e-01	9.166454349881719699e-01
4.589178356713425888e-01	9.793738404397961395e-01	8.824518089268645893e-01	9.010367364219082909e-01
4.987975951903806937e-01	9.757240785019613005e-01	8.629033096784035628e-01	8.843722612679882911e-01
5.386773547094187986e-01	9.718009323818788125e-01	8.422943129984747923e-01	8.667354444021946325e-01
5.785571142284567925e-01	9.676113078551470403e-01	8.207400194937656268e-01	8.482125134658219379e-01
6.184368737474948974e-01	9.631624862204494208e-01	7.983573990611553262e-01	8.288917088060535621e-01
6.583166332665330023e-01	9.584620940830697045e-01	7.752640589728821974e-01	8.088625139782421591e-01
6.981963927855709962e-01	9.535180723651904833e-01	7.515771584655944748e-01	7.882149067204526904e-01
7.380761523046091011e-01	9.483386447637830452e-01	7.274123838202727343e-01	7.670386394529564722e-01
7.779559118236472059e-01	9.429322858733210078e-01	7.028829959574596220e-01	7.454225573647278447e-01
8.178356713426851998e-01	9.373076891847936798e-01	6.780989604704357188e-01	7.234539610575476676e-01
8.577154308617233047e-01	9.314737351647504049e-01	6.531661678432744145e-01	7.012180195588106901e-01
8.975951903807614096e-01	9.254394596085598890e-01	6.281857494134041042e-01	6.787972383186606784e-01
9.374749498997994035e-01	9.192140224509705027e-01	6.032534924971015844e-01	6.562709856063779768e-01
9.773547094188375084e-01	9.128066772046169453e-01	5.784593560523002553e-01	6.337150795432135997e-01
1.017234468937875613e+00	9.062267411835848163e-01	5.538870863499280039e-01	6.112014368793833308e-01
1.057114228456913718e+00	8.994835666547610353e-01	5.296139303980254009e-01	5.887977835634004009e-01
1.096993987975951823e+00	8.925865130447087070e-01	5.057104433389042475e-01	5.665674261802046141e-01
1.136873747494989928e+00	8.855449203144181158e-01	4.822403847366242280e-01	5.445690824643901751e-01
1.176753507014028033e+00	8.783680835987452973e-01	4.592606976000136454e-01	5.228567683361003970e-01
1.216633266533066138e+00	8.710652291918561385e-01	4.368215631475090288e-01	5.014797382657287805e-01
1.256513026052104021e+00	8.636454919447171807e-01	4.149665237095537251e-01	4.804824752516813624e-01
1.296392785571142126e+00	8.561178941258106301e-01	3.937326657717377665e-01	4.599047262921441281e-01
1.336272545090180230e+00	8.484913257819317600e-01	3.731508549719286250e-01	4.397815789431310796e-01
1.376152304609218335e+00	8.407745266222909075e-01	3.532460148583563830e-01	4.201435743747841678e-01
1.416032064128256440e+00	8.329760694362851048e-01	3.340374413713014801e-01	4.010168522576652572e-01
1.455911823647294545e+00	8.251043450433340753e-01	3.155391453054937068e-01	3.824233228209721336e-01
1.495791583166332650e+00	8.171675487621280487e-01	2.977602154195964634e-01	3.643808615144510932e-01
1.535671342685370533e+00	8.091736683765955451e-01	2.807051953594897897e-01	3.469035218640449947e-01
1.575551102204408638e+00	8.011304735668481891e-01	2.643744681305077449e-01	3.300017623264804301e-01
1.615430861723446743e+00	7.930455067653661150e-01	2.487646424688585156e-01	3.136826832088200900e-01
1.655310621242484848e+00	7.849260753916892375e-01	2.338689361043994053e-01	2.979502700145303384e-01
1.695190380761522952e+00	7.767792454129054391e-01	2.196775515582369276e-01	2.828056398976841468e-01
1.735070140280561057e+00	7.686118361722241721e-01	2.061780407640102786e-01	2.682472882421388927e-01
1.774949899799598940e+00	7.604304164238581132e-01	1.933556554283153983e-01	2.542713327244664478e-01
1.814829659318637045e+00	7.522413015092596078e-01	1.811936806430809177e-01	2.408717525607048104e-01
1.854709418837675150e+00	7.440505516074304992e-01	1.696737498226258134e-01	2.280406209713390642e-01
1.894589178356713255e+00	7.358639709904556403e-01	1.587761395545466692e-01	2.157683292210076653e-01
1.934468937875751360e+00	7.276871082145787151e-01	1.484800434224727295e-01	2.040438008951084570e-01
1.974348697394789465e+00	7.195252571769438221e-01	1.387638242777269326e-01	1.928546953614478920e-01
2.014228456913827348e+00	7.113834589685283927e-01	1.296052448052633643e-01	1.821875996290168165e-01
2.054108216432865230e+00	7.032665044547096178e-01	1.209816765473894357e-01	1.720282080563395599e-01
2.093987975951903557e+00	6.951789375162866769e-01	1.128702878182699793e-01	1.623614895778191791e-01
2.133867735470941884e+00	6.871250588855533081e-01	1.052482111654147456e-01	1.531718423078858582e-01
2.173747494989979767e+00	6.791089305141233545e-01	9.809269121427911797e-02	1.444432355498807274e-01
2.213627254509017650e+00	6.711343804116057798e-01	9.138121387220400627e-02	1.361593393802296714e-01
2.253507014028055977e+00	6.632050078968355633e-01	8.509161797190742393e-02	1.283036420996745419e-01
2.293386773547093860e+00	6.553241892061667517e-01	7.920219050648574788e-02	1.208595559434912370e-01
2.333266533066132187e+00	6.474950834062501714e-01	7.369174665127134483e-02	1.138105115232756342e-01
2.373146292585170070e+00	6.397206385617469904e-01	6.853969578674239116e-02	1.071400415356879438e-01
2.413026052104207952e+00	6.320035981114804358e-01	6.372609473463029806e-02	1.008318543202178508e-01
2.452905811623246279e+00	6.243465074096344880e-01	5.923168939990115095e-02	9.486989788034351501e-02
2.492785571142284162e+00	6.167517203916728086e-01	5.503794597755938545e-02	8.923841500208078148e-02
2.532665330661322489e+00	6.092214063277014979e-01	5.112707283819096366e-02	8.392199011255623009e-02
2.572545090180360372e+00	6.017575566289832256e-01	4.748203415243602843e-02	7.890558852044682325e-02
2.612424849699398699e+00	5.943619916762158395e-01	4.408655625449785231e-02	7.417458867140079570e-02
2.652304609218436582e+00	5.870363676410115250e-01	4.092512768040372506e-02	6.971480803627234935e-02
2.692184368737474465e+00	5.797821832747176440e-01	3.798299374978048731e-02	6.551252322940569195e-02
2.732064128256512792e+00	5.726007866413206360e-01	3.524614649190131038e-02	6.155448492944463196e-02
2.771943887775550674e+00	5.654933817736501611e-01	3.270131064893715828e-02	5.782792814722365754e-02
2.811823647294589001e+00	5.584610352344414608e-01	3.033592642272952417e-02	5.432057835511215627e-02
2.851703406813626884e+00	5.515046825660325780e-01	2.813812956680689786e-02	5.102065396051803925e-02
2.891583166332665211e+00	5.446251346145524197e-01	2.609672936342389421e-02	4.791686557377366346e-02
2.931462925851703094e+00	5.378230837164016398e-01	2.420118496658701587e-02	4.499841248790371895e-02
2.971342685370740977e+00	5.310991097366417613e-01	2.244158053667041561e-02	4.225497675527758318e-02
3.011222444889779304e+00	5.244536859505927184e-01	2.080859954054112976e-02	3.967671521428004638e-02
3.051102204408817187e+00	5.178871847614908708e-01	1.929349854321065275e-02	3.725424978819688593e-02
3.090981963927855514e+00	5.113998832484917267e-01	1.788808077294604115e-02	3.497865634876207858e-02
3.130861723446893397e+00	5.049919685406113468e-01	1.658466970146732500e-02	3.284145240843289182e-02
3.170741482965931279e+00	4.986635430133951052e-01	1.537608284423703890e-02	3.083458387858124816e-02
3.210621242484969606e+00	4.924146293061890112e-01	1.425560595278119701e-02	2.895041110550941599e-02
3.250501002004007489e+00	4.862451751588688365e-01	1.321696774130057261e-02	2.718169437256061013e-02
3.290380761523045816e+00	4.801550580677623747e-01	1.225431526334999285e-02	2.552157903462216534e-02
3.330260521042083699e+00	4.741440897612929639e-01	1.136219003088049552e-02	2.396358043100520543e-02
3.370140280561122026e+00	4.682120204965702359e-01	1.053550494724069496e-02	2.250156870399671466e-02
3.410020040080159909e+00	4.623585431787742284e-01	9.769522107607403125e-03	2.112975363327491973e-02
3.449899799599197792e+00	4.565832973057248889e-01	9.059831504548131534e-03	1.984266958079662982e-02
3.489779559118236119e+00	4.508858727404978506e-01	8.402330662799502303e-03	1.863516062663459621e-02
3.529659318637274001e+00	4.452658133153611364e-01	7.793205215676631166e-03	1.750236596349036278e-02
3.569539078156312328e+00	4.397226202706469023e-01	7.228910425613569411e-03	1.643970560614829018e-02
3.609418837675350211e+00	4.342557555324733642e-01	6.706153642995186896e-03	1.544286646189011944e-02
3.649298597194388538e+00	4.288646448334678118e-01	6.221877690502384227e-03	1.450778879876749375e-02
3.689178356713426421e+00	4.235486806808406723e-01	5.773245154498623730e-03	1.363065314055121255e-02
3.729058116232464304e+00	4.183072251763143568e-01	5.357623560388121049e-03	1.280786761005600800e-02
3.768937875751502631e+00	4.131396126925265255e-01	4.972571405240223605e-03	1.203605573629898048e-02
3.808817635270540514e+00	4.080451524106107897e-01	4.615825018177290018e-03	1.131204473551113837e-02
3.848697394789578841e+00	4.030231307237097660e-01	4.285286216952995629e-03	1.063285427131166298e-02
3.888577154308616723e+00	3.980728135112008848e-01	3.979010727703020077e-03	9.995685695303227133e-03
3.928456913827654606e+00	3.931934482884137383e-01	3.695197333940388688e-03	9.397911765889603586e-03
3.968336673346692933e+00	3.883842662366011611e-01	3.432177720412101299e-03	8.837066840192853850e-03
4.008216432865730816e+00	3.836444841178840992e-01	3.188406977359458955e-03	8.310837531498938349e-03
4.048096192384768699e+00	3.789733060798338715e-01	2.962454730968473032e-03	7.817053822636275962e-03
4.087975951903806582e+00	3.743699253542896455e-01	2.752996866302465703e-03	7.353680624043538658e-03
4.127855711422844465e+00	3.698335258549225180e-01	2.558807809726762385e-03	6.918809763965329089e-03
4.167735470941883236e+00	3.653632836779676651e-01	2.378753338722614571e-03	6.510652397188478741e-03
4.207615230460921119e+00	3.609583685104455486e-01	2.211783888006870012e-03	6.127531817960509518e-03
4.247494989979959001e+00	3.566179449500829768e-01	2.056928321992611362e-03	5.767876662181222087e-03
4.287374749498996884e+00	3.523411737410331868e-01	1.913288144817324983e-03	5.430214483600404561e-03
4.327254509018034767e+00	3.481272129293750406e-01	1.780032120404625908e-03	5.113165688560356546e-03
4.367134268537073538e+00	3.439752189422487505e-01	1.656391276293894344e-03	4.815437813768763849e-03
4.407014028056111421e+00	3.398843475943625347e-01	1.541654266252363847e-03	4.535820131653318758e-03
4.446893787575149304e+00	3.358537550254784287e-01	1.435163067962297182e-03	4.273178568015186841e-03
4.486773547094187187e+00	3.318825985723581340e-01	1.336308993340599039e-03	4.026450916947525716e-03
4.526653306613225070e+00	3.279700375785244981e-01	1.244528990290057809e-03	3.794642338302277231e-03
4.566533066132263841e+00	3.241152341450660446e-01	1.159302215893100564e-03	3.576821123360789893e-03
4.606412825651301723e+00	3.203173538255895125e-01	1.080146862234557985e-03	3.372114714779674959e-03
4.646292585170339606e+00	3.165755662682970817e-01	1.006617217174991330e-03	3.179705967332569199e-03
4.686172344689377489e+00	3.128890458080491599e-01	9.383009434875746188e-04	2.998829636443081127e-03
4.726052104208415372e+00	3.092569720111481568e-01	8.748165608167428114e-04	2.828769081995691562e-03
4.765931863727454143e+00	3.056785301754641471e-01	8.158111159147374974e-04	2.668853175414215382e-03
4.805811623246492026e+00	3.021529117884099169e-01	7.609580275619076727e-04	2.518453398505679335e-03
4.845691382765529909e+00	2.986793149451573703e-01	7.099550934780159790e-04	2.376981123076353161e-03
4.885571142284567792e+00	2.952569447293825755e-01	6.625226473853960745e-04	2.243885060832795982e-03
4.925450901803606563e+00	2.918850135587195971e-01	6.184018551911565822e-04	2.118648873580316044e-03
4.965330661322644445e+00	2.885627414970002858e-01	5.773531400159187402e-04	2.000788934221851226e-03
5.005210420841682328e+00	2.852893565352592198e-01	5.391547265121092837e-04	1.889852229539711482e-03
5.045090180360720211e+00	2.820640948433879580e-01	5.036012955870985313e-04	1.785414396209187779e-03
5.084969939879758094e+00	2.788862009942297271e-01	4.705027412770707886e-04	1.687077881945136864e-03
5.124849699398796865e+00	2.757549281618162929e-01	4.396830221082726896e-04	1.594470224119662457e-03
5.164729458917834748e+00	2.726695382953652769e-01	4.109790998349318897e-04	1.507242438609863273e-03
5.204609218436872631e+00	2.696293022705715248e-01	3.842399589595176207e-04	1.425067512038936121e-03
5.244488977955910514e+00	2.666335000196495830e-01	3.593257009230114377e-04	1.347638990961491645e-03
5.284368737474948396e+00	2.636814206415073469e-01	3.361067073022404555e-04	1.274669661914481751e-03
5.324248496993987168e+00	2.607723624933586115e-01	3.144628667699543123e-04	1.205890316608851159e-03
5.364128256513025050e+00	2.579056332650132011e-01	2.942828609629397616e-04	1.141048596873984458e-03
5.404008016032062933e+00	2.550805500370165735e-01	2.754635047657695351e-04	1.079907914287447793e-03
5.443887775551100816e+00	2.522964393237480674e-01	2.579091368544930837e-04	1.022246439726970423e-03
5.483767535070138699e+00	2.495526371025258427e-01	2.415310566571827046e-04	9.678561583701174873e-04
5.523647294589177470e+00	2.468484888297081958e-01	2.262470041784060519e-04	9.165419859405566196e-04
5.563527054108215353e+00	2.441833494447280262e-01	2.119806794037690429e-04	8.681209422583983709e-04
5.603406813627253236e+00	2.415565833629410852e-01	1.986612982500849083e-04	8.224213783964413969e-04
5.643286573146291119e+00	2.389675644581227554e-01	1.862231822578233175e-04	7.792822539749217790e-04
5.683166332665329890e+00	2.364156760353972042e-01	1.746053794364554131e-04	7.385524613448758886e-04
5.723046092184367772e+00	2.339003107953398497e-01	1.637513138713969836e-04	7.000901936153370881e-04
5.762925851703405655e+00	2.314208707899482464e-01	1.536084618844948816e-04	6.637623536725835481e-04
5.802805611222443538e+00	2.289767673711397000e-01	1.441280527095205994e-04	6.294440015213811652e-04
5.842685370741481421e+00	2.265674211323909226e-01	1.352647918008352231e-04	5.970178374489043104e-04
5.882565130260520192e+00	2.241922618441008486e-01	1.269766050382505648e-04	5.663737186725371778e-04
5.922444889779558075e+00	2.218507283832221177e-01	1.192244022249619646e-04	5.374082072834814646e-04
5.962324649298595958e+00	2.195422686576728732e-01	1.119718583990694116e-04	5.100241474395279069e-04
6.002204408817633841e+00	2.172663395260103214e-01	1.051852115934099111e-04	4.841302698930844859e-04
6.042084168336671723e+00	2.150224067128173044e-01	9.883307578386669751e-05	4.596408220649655083e-04
6.081963927855710494e+00	2.128099447202237149e-01	9.288626786366562004e-05	4.364752219910635772e-04
6.121843687374748377e+00	2.106284367359611553e-01	8.731764757103157876e-05	4.145577345783130218e-04
6.161723446893786260e+00	2.084773745383197152e-01	8.210196938049151927e-05	3.938171687086387753e-04
6.201603206412824143e+00	2.063562583983553356e-01	7.721574544463604393e-05	3.741865938254066381e-04
6.241482965931862026e+00	2.042645969796730854e-01	7.263711874374982093e-05	3.556030747265427334e-04
6.281362725450900797e+00	2.022019072360883296e-01	6.834574566584413120e-05	3.380074233723449721e-04
6.321242484969938680e+00	2.001677143074507004e-01	6.432268729971158110e-05	3.213439665945036321e-04
6.361122244488976563e+00	1.981615514138936607e-01	6.055030877902807074e-05	3.055603286661729128e-04
6.401002004008014445e+00	1.961829597487579069e-01	5.701218606664751126e-05	2.906072277615766525e-04
6.440881763527053216e+00	1.942314883704169270e-01	5.369301961536054678e-05	2.764382853976958174e-04
6.480761523046091099e+00	1.923066940932189051e-01	5.057855438486586359e-05	2.630098480105345438e-04
6.520641282565128982e+00	1.904081413777433951e-01	4.765550573478748690e-05	2.502808198744273238e-04
6.560521042084166865e+00	1.885354022205576463e-01	4.491149075054143861e-05	2.382125066251581009e-04
6.600400801603204748e+00	1.866880560436434133e-01	4.233496459294492525e-05	2.267684686965082213e-04
6.640280561122243519e+00	1.848656895836528480e-01	3.991516149389984317e-05	2.159143840254791342e-04
6.680160320641281402e+00	1.830678967811409374e-01	3.764204004947418396e-05	2.056179194240458834e-04
6.720040080160319285e+00	1.812942786699090758e-01	3.550623248843901795e-05	1.958486100550743951e-04
6.759919839679357167e+00	1.795444432665864454e-01	3.349899761897775325e-05	1.865777464871951096e-04
6.799799599198395050e+00	1.778180054605634774e-01	3.161217717902125272e-05	1.777782688380913736e-04
6.839679358717433821e+00	1.761145869043841683e-01	2.983815533663659419e-05	1.694246675480451305e-04
6.879559118236471704e+00	1.744338159046953940e-01	2.816982110624159091e-05	1.614928903558046863e-04
6.919438877755509587e+00	1.727753273138411261e-01	2.660053346425805446e-05	1.539602550770399715e-04
6.959318637274547470e+00	1.711387624221852866e-01	2.512408896427841711e-05	1.468053678119942828e-04
6.999198396793585353e+00	1.695237688512364060e-01	2.373469166700302677e-05	1.400080462335115178e-04
7.039078156312624124e+00	1.679300004476430019e-01	2.242692521421422113e-05	1.335492476295589530e-04
7.078957915831662007e+00	1.663571171781209335e-01	2.119572688897958970e-05	1.274110013957805083e-04
7.118837675350699890e+00	1.648047850253684943e-01	2.003636351620241920e-05	1.215763456935926374e-04
7.158717434869737772e+00	1.632726758850198689e-01	1.894440906864562599e-05	1.160292680079959331e-04
7.198597194388776543e+00	1.617604674636819451e-01	1.791572385371264383e-05	1.107546493566794203e-04
7.238476953907814426e+00	1.602678431780947821e-01	1.694643516564568861e-05	1.057382119182465378e-04
7.278356713426852309e+00	1.587944920554514028e-01	1.603291929645713940e-05	1.009664698625592694e-04
7.318236472945890192e+00	1.573401086349091316e-01	1.517178480690175836e-05	9.642668318035969757e-05
7.358116232464928075e+00	1.559043928703194581e-01	1.435985696617455433e-05	9.210681432253814090e-05
7.397995991983966846e+00	1.544870500342012398e-01	1.359416327583412595e-05	8.799548747176264951e-05
7.437875751503004729e+00	1.530877906229771157e-01	1.287191999974310092e-05	8.408195028069820321e-05
7.477755511022042612e+00	1.517063302634912014e-01	1.219051962763037859e-05	8.035603792180108995e-05
7.517635270541080494e+00	1.503423896208224420e-01	1.154751920524944535e-05	7.680813930371446535e-05
7.557515030060118377e+00	1.489956943074056128e-01	1.094062946906792609e-05	7.342916531866610979e-05
7.597394789579157148e+00	1.476659747934683797e-01	1.036770472800787070e-05	7.021051899402392510e-05
7.637274549098195031e+00	1.463529663187928265e-01	9.826733438993558463e-06	6.714406742934415126e-05
7.677154308617232914e+00	1.450564088058042822e-01	9.315829426978611510e-06	6.422211540787743731e-05
7.717034068136270797e+00	1.437760467739919723e-01	8.833223703745647008e-06	6.143738057863692504e-05
7.756913827655308680e+00	1.425116292556609099e-01	8.377256843117889698e-06	5.878297011178913229e-05
7.796793587174347451e+00	1.412629097130146949e-01	7.946371873317837879e-06	5.625235873635505730e-05
7.836673346693385334e+00	1.400296459565668061e-01	7.539107650070784811e-06	5.383936807502320301e-05
7.876553106212423216e+00	1.388116000648757786e-01	7.154092676698512436e-06	5.153814719630732822e-05
7.916432865731461099e+00	1.376085383055998534e-01	6.790039339898960173e-06	4.934315430936195816e-05
7.956312625250499870e+00	1.364202310578635224e-01	6.445738532173726863e-06	4.724913953150925908e-05
7.996192384769537753e+00	1.352464527359289737e-01	6.120054633963559413e-06	4.525112866296812170e-05
8.036072144288576524e+00	1.340869817141633058e-01	5.811920830493437097e-06	4.334440790741982721e-05
8.075951903807613519e+00	1.329416002532919916e-01	5.520334740126558292e-06	4.152450948092044185e-05
8.115831663326652290e+00	1.318100944279278208e-01	5.244354332690640242e-06	3.978719805529151086e-05
8.155711422845689285e+00	1.306922540553643042e-01	4.983094117781633037e-06	3.812845798551058431e-05
8.195591182364728056e+00	1.295878726256209645e-01	4.735721584476992819e-06	3.654448127378771675e-05
8.235470941883766827e+00	1.284967472327285809e-01	4.501453875213635777e-06	3.503165622598032489e-05
8.275350701402803821e+00	1.274186785072402017e-01	4.279554677810531215e-06	3.358655675876718195e-05
8.315230460921842592e+00	1.263534705499551325e-01	4.069331320751703043e-06	3.220593231859707434e-05
8.355110220440879587e+00	1.253009308668407706e-01	3.870132057897633151e-06	3.088669837585230823e-05
8.394989979959918358e+00	1.242608703051383823e-01	3.681343529768662969e-06	2.962592745993694650e-05
8.434869739478957129e+00	1.232331029906376940e-01	3.502388389448685465e-06	2.842084070312479401e-05
8.474749498997994124e+00	1.222174462661045069e-01	3.332723081995990951e-06	2.726879986298879434e-05
8.514629258517032895e+00	1.212137206308464416e-01	3.171835767026357656e-06	2.616729979509588197e-05
8.554509018036069889e+00	1.202217496814012854e-01	3.019244374855226787e-06	2.511396134939395576e-05
8.594388777555108661e+00	1.192413600533306500e-01	2.874494787255096684e-06	2.410652466534665282e-05
8.634268537074147432e+00	1.182723813641047561e-01	2.737159134506270337e-06	2.314284284240334600e-05
8.674148296593184426e+00	1.173146461570607896e-01	2.606834200995373979e-06	2.222087596381908963e-05
8.714028056112223197e+00	1.163679898464187179e-01	2.483139932151726051e-06	2.133868545318131418e-05
8.753907815631260192e+00	1.154322506633392725e-01	2.365718036008975856e-06	2.049442874425662039e-05
8.793787575150298963e+00	1.145072696030061121e-01	2.254230673140702485e-06	1.968635424594494660e-05
8.833667334669337734e+00	1.135928903727173450e-01	2.148359229148010813e-06	1.891279658523419466e-05
8.873547094188374729e+00	1.126889593409690082e-01	2.047803164275181254e-06	1.817217211207917800e-05
8.913426853707413500e+00	1.117953254875144742e-01	1.952278935099809132e-06	1.746297465109883856e-05
8.953306613226450494e+00	1.109118403543841030e-01	1.861518983587918606e-06	1.678377148589381366e-05
8.993186372745489265e+00	1.100383579978476412e-01	1.775270789124126317e-06	1.613319956263661119e-05
9.033066132264528036e+00	1.091747349413048906e-01	1.693295979424540405e-06	1.550996190038748032e-05
9.072945891783565031e+00	1.083208301290870534e-01	1.615369496516176706e-06	1.491282419633531310e-05
9.112825651302603802e+00	1.074765048811538865e-01	1.541278814224060524e-06	1.434061161486769924e-05
9.152705410821640797e+00	1.066416228486707224e-01	1.470823203846199423e-06	1.379220575003218107e-05
9.192585170340679568e+00	1.058160499704489943e-01	1.403813044919094381e-06	1.326654175156919968e-05
9.232464929859718339e+00	1.049996544302360529e-01	1.340069178183630064e-06	1.276260560527844207e-05
9.272344689378755334e+00	1.041923066148374571e-01	1.279422298053721135e-06	1.227943155902381638e-05
9.312224448897794105e+00	1.033938790730576512e-01	1.221712382069613943e-06	1.181609968619474406e-05
9.352104208416831099e+00	1.026042464754436945e-01	1.166788154984699314e-06	1.137173357892109194e-05
9.391983967935869870e+00	1.018232855748165827e-01	1.114506585290165898e-06	1.094549816378947014e-05
9.431863727454908641e+00	1.010508751675766731e-01	1.064732412126823484e-06	1.053659763323311727e-05
9.471743486973945636e+00	1.002868960557675715e-01	1.017337700668204331e-06	1.014427348616396543e-05
9.511623246492984407e+00	9.953123100988468808e-02	9.722014241848950775e-07	9.767802671789957270e-06
9.551503006012021402e+00	9.878376473241469446e-02	9.292090711172092549e-07	9.406495830911579370e-06
9.591382765531060173e+00	9.804438382209106073e-02	8.882522755924492774e-07	9.059695629320799304e-06
9.631262525050098944e+00	9.731297673885284938e-02	8.492284699249327608e-07	8.726775178236559772e-06
9.671142284569135938e+00	9.658943376949276349e-02	8.120405577317878345e-07	8.407136537001486779e-06
9.711022044088174709e+00	9.587364699398108481e-02	7.765966063861170863e-07	8.100209293538937954e-06
9.750901803607213481e+00	9.516551025245287287e-02	7.428095576116977072e-07	7.805449218326993124e-06
9.790781563126250475e+00	9.446491911284481124e-02	7.105969551004053690e-07	7.522336987888050922e-06
9.830661322645289246e+00	9.377177083916955758e-02	6.798806881054567450e-07	7.250376974020658053e-06
9.870541082164326241e+00	9.308596436041496891e-02	6.505867500306689130e-07	6.989096095214677587e-06
9.910420841683365012e+00	9.240740024005546227e-02	6.226450110985008144e-07	6.738042726891967084e-06
9.950300601202403783e+00	9.173598064616435288e-02	5.959890042381982829e-07	6.496785667305314709e-06
9.990180360721440778e+00	9.107160932211413873e-02	5.705557233898593993e-07	6.264913156106006823e-06
1.003006012024047955e+01	9.041419155785389294e-02	5.462854334713010500e-07	6.042031942759184576e-06
1.006993987975951654e+01	8.976363416175217602e-02	5.231214913022149472e-07	5.827766402144114414e-06
1.010981963927855531e+01	8.911984543299338035e-02	5.010101768245554598e-07	5.621757694825115297e-06
1.014969939879759409e+01	8.848273513451790362e-02	4.799005339997723407e-07	5.423662969619921476e-06
1.018957915831663108e+01	8.785221446649371657e-02	4.597442208022668006e-07	5.233154606223504901e-06
1.022945891783566985e+01	8.722819604030951357e-02	4.404953677648425173e-07	5.049919495770412696e-06
1.026933867735470685e+01	8.661059385307903757e-02	4.221104445658746360e-07	4.873658357335791868e-06
1.030921843687374562e+01	8.599932326264561611e-02	4.045481341796486077e-07	4.704085088485420712e-06
1.034909819639278439e+01	8.539430096307748519e-02	3.877692141410778290e-07	4.540926148089674949e-06
1.038897795591182138e+01	8.479544496064352066e-02	3.717364445037427064e-07	4.383919969713919586e-06
1.042885771543086015e+01	8.420267455025981507e-02	3.564144620962326699e-07	4.232816403990731923e-06
1.046873747494989715e+01	8.361591029239763551e-02	3.417696807060842028e-07	4.087376188466346323e-06
1.050861723446893592e+01	8.303507399044322834e-02	3.277701968433683642e-07	3.947370443495871862e-06
1.054849699398797469e+01	8.246008866850040864e-02	3.143857007573188345e-07	3.812580192839564518e-06
1.058837675350701168e+01	8.189087854962683044e-02	3.015873923993218826e-07	3.682795907685327368e-06
1.062825651302605046e+01	8.132736903449511168e-02	2.893479020442967459e-07	3.557817072891777189e-06
1.066813627254508745e+01	8.076948668047037594e-02	2.776412152999924448e-07	3.437451774311258234e-06
1.070801603206412622e+01	8.021715918109527388e-02	2.664426022501071882e-07	3.321516306113462128e-06
1.074789579158316499e+01	7.967031534597464326e-02	2.557285504925250505e-07	3.209834797088521376e-06
1.078777555110220199e+01	7.912888508105138385e-02	2.454767018483315504e-07	3.102238854962897568e-06
1.082765531062124076e+01	7.859279936926537313e-02	2.356657925307751976e-07	2.998567227813176394e-06
1.086753507014027775e+01	7.806199025158826188e-02	2.262755965759933603e-07	2.898665481711690549e-06
1.090741482965931652e+01	7.753639080842553155e-02	2.172868723491527159e-07	2.802385693783687306e-06
1.094729458917835530e+01	7.701593514137919372e-02	2.086813119508062400e-07	2.709586159899599119e-06
1.098717434869739229e+01	7.650055835536306859e-02	2.004414933586646695e-07	2.620131116266718733e-06
1.102705410821643106e+01	7.599019654106378696e-02	1.925508351497800140e-07	2.533890474223590823e-06
1.106693386773546983e+01	7.548478675774045188e-02	1.849935536573110817e-07	2.450739567577055758e-06
1.110681362725450683e+01	7.498426701635588221e-02	1.777546224246473134e-07	2.370558911856466287e-06
1.114669338677354560e+01	7.448857626303244384e-02	1.708197338277462465e-07	2.293233974892355263e-06
1.118657314629258259e+01	7.399765436282668141e-02	1.641752627441427403e-07	2.218654958157937251e-06
1.122645290581162136e+01	7.351144208381490963e-02	1.578082321541781816e-07	2.146716588340782695e-06
1.126633266533066013e+01	7.302988108148474045e-02	1.517062805667175365e-07	2.077317918640013000e-06
1.130621242484969713e+01	7.255291388342524628e-02	1.458576311678755705e-07	2.010362139310256139e-06
1.134609218436873590e+01	7.208048387431027770e-02	1.402510625971857196e-07	1.945756396998490356e-06
1.138597194388777289e+01	7.161253528116871825e-02	1.348758812611838414e-07	1.883411622443297296e-06
1.142585170340681167e+01	7.114901315893575051e-02	1.297218950995777142e-07	1.823242366128105176e-06
1.146573146292585044e+01	7.068986337627954086e-02	1.247793887240765724e-07	1.765166641501066219e-06
1.150561122244488743e+01	7.023503260169770834e-02	1.200390998545448016e-07	1.709105775393962815e-06
1.154549098196392620e+01	6.978446828987777684e-02	1.154921969814669185e-07	1.654984265291292963e-06
1.158537074148296320e+01	6.933811866831683657e-02	1.111302581877825848e-07	1.602729643118542454e-06
1.162525050100200197e+01	6.889593272419430869e-02	1.069452510669597210e-07	1.552272345235316657e-06
1.166513026052104074e+01	6.845786019149358026e-02	1.029295136777799647e-07	1.503545588335081440e-06
1.170501002004007773e+01	6.802385153836654208e-02	9.907573647968193312e-08	1.456485250968208014e-06
1.174488977955911650e+01	6.759385795473669967e-02	9.537694519569278129e-08	1.411029760419366097e-06
1.178476953907815350e+01	6.716783134013588896e-02	9.182648455297427607e-08	1.367119984683854032e-06
1.182464929859719227e+01	6.674572429176958699e-02	8.841800285381572108e-08	1.324699129300160009e-06
1.186452905811623104e+01	6.632749009280650143e-02	8.514543733256964224e-08	1.283712638808324586e-06
1.190440881763526804e+01	6.591308270088769294e-02	8.200300025651176173e-08	1.244108102615072801e-06
1.194428857715430681e+01	6.550245673685071990e-02	7.898516573096022923e-08	1.205835165057623586e-06
1.198416833667334380e+01	6.509556747366491980e-02	7.608665717120512975e-08	1.168845439468467149e-06
1.202404809619238257e+01	6.469237082557270646e-02	7.330243540587173829e-08	1.133092426053050153e-06
1.206392785571142134e+01	6.429282333743358002e-02	7.062768737832001816e-08	1.098531433401806530e-06
1.210380761523045834e+01	6.389688217426631178e-02	6.805781541451710949e-08	1.065119503466580153e-06
1.214368737474949711e+01	6.350450511098518214e-02	6.558842702756968352e-08	1.032815339839945121e-06
1.218356713426853410e+01	6.311565052232674666e-02	6.321532523074591132e-08	1.001579239183851934e-06
1.222344689378757288e+01	6.273027737296306416e-02	6.093449933235888559e-08	9.713730256614778966e-07
1.226332665330661165e+01	6.234834520779759803e-02	5.874211618734773470e-08	9.421599882333549003e-07
1.230320641282564864e+01	6.196981414244032149e-02	5.663451188176550368e-08	9.139048206855777330e-07
1.234308617234468741e+01	6.159464485385798133e-02	5.460818382767861875e-08	8.865735642643003672e-07
1.238296593186372441e+01	6.122279857119677232e-02	5.265978324721192251e-08	8.601335527968913304e-07
1.242284569138276318e+01	6.085423706677307865e-02	5.078610802561828348e-08	8.345533601857926843e-07
1.246272545090180195e+01	6.048892264722968010e-02	4.898409591434903547e-08	8.098027501667274061e-07
1.250260521042083894e+01	6.012681814485365539e-02	4.725081806612226940e-08	7.858526282280337266e-07
1.254248496993987771e+01	5.976788690905271428e-02	4.558347288495717013e-08	7.626749955928739883e-07
1.258236472945891649e+01	5.941209279798730786e-02	4.397938017506043012e-08	7.402429051708191420e-07
1.262224448897795348e+01	5.905940017035487405e-02	4.243597557330807520e-08	7.185304193896807901e-07
1.266212424849699225e+01	5.870977387732337349e-02	4.095080525088623685e-08	6.975125698227814993e-07
1.270200400801602925e+01	5.836317925461123601e-02	3.952152087042196279e-08	6.771653185308508256e-07
1.274188376753506802e+01	5.801958211471072713e-02	3.814587478566220982e-08	6.574655210415659469e-07
1.278176352705410679e+01	5.767894873925193122e-02	3.682171547144587488e-08	6.383908908934014235e-07
1.282164328657314378e+01	5.734124587150447871e-02	3.554698317236181972e-08	6.199199656739018353e-07
1.286152304609218255e+01	5.700644070901442900e-02	3.431970575909867930e-08	6.020320744857817640e-07
1.290140280561121955e+01	5.667450089637354055e-02	3.313799478207147598e-08	5.847073067773922484e-07
1.294128256513025832e+01	5.634539451811828442e-02	3.200004171245590774e-08	5.679264824770381836e-07
1.298116232464929709e+01	5.601909009175626286e-02	3.090411436128023145e-08	5.516711233734955914e-07
1.302104208416833409e+01	5.569555656091723650e-02	2.984855346771080601e-08	5.359234256877176772e-07
1.306092184368737286e+01	5.537476328862646346e-02	2.883176944813155433e-08	5.206662337833120979e-07
1.310080160320640985e+01	5.505668005069802584e-02	2.785223929805404640e-08	5.058830149657912038e-07
1.314068136272544862e+01	5.474127702924561772e-02	2.690850363930671963e-08	4.915578353228918418e-07
1.318056112224448739e+01	5.442852480630858136e-02	2.599916390534439843e-08	4.776753365604894258e-07
1.322044088176352439e+01	5.411839435759107503e-02	2.512287965788804880e-08	4.642207137907097588e-07
1.326032064128256316e+01	5.381085704631181216e-02	2.427836602845370773e-08	4.511796942308270619e-07
1.330020040080160015e+01	5.350588461716261623e-02	2.346439127866211000e-08	4.385385167734548197e-07
1.334008016032063892e+01	5.320344919037348075e-02	2.267977447353215386e-08	4.262839123903227140e-07
1.337995991983967770e+01	5.290352325588199012e-02	2.192338326225838431e-08	4.144030853336572090e-07
1.341983967935871469e+01	5.260607966760531135e-02	2.119413176125318595e-08	4.028836951008245304e-07
1.345971943887775346e+01	5.231109163781241800e-02	2.049097853449951570e-08	3.917138391294413064e-07
1.349959919839679046e+01	5.201853273159512403e-02	1.981292466651280153e-08	3.808820361916664900e-07
1.353947895791582923e+01	5.172837686143538782e-02	1.915901192344619808e-08	3.703772104577604301e-07
1.357935871743486800e+01	5.144059828186767214e-02	1.852832099810230073e-08	3.601886762003964142e-07
1.361923847695390499e+01	5.115517158423400074e-02	1.791996983482470543e-08	3.503061231124407482e-07
1.365911823647294376e+01	5.087207169153013658e-02	1.733311203044744275e-08	3.407196022121759119e-07
1.369899799599198076e+01	5.059127385334141053e-02	1.676693530767163836e-08	3.314195123110984353e-07
1.373887775551101953e+01	5.031275364086585516e-02	1.622066005741895161e-08	3.223965870205112559e-07
1.377875751503005830e+01	5.003648694202363773e-02	1.569353794688610065e-08	3.136418822742275444e-07
1.381863727454909530e+01	4.976244995665066173e-02	1.518485059018533528e-08	3.051467643456711450e-07
1.385851703406813407e+01	4.949061919177497049e-02	1.469390827861233335e-08	2.969028983386485326e-07
1.389839679358717106e+01	4.922097145697432174e-02	1.422004876772891651e-08	2.889022371319739416e-07
1.393827655310620983e+01	4.895348385981340006e-02	1.376263611858689596e-08	2.811370107590000666e-07
1.397815631262524860e+01	4.868813380135907087e-02	1.332105959055154577e-08	2.735997162039450894e-07
1.401803607214428560e+01	4.842489897177242042e-02	1.289473258330844628e-08	2.662831075977045316e-07
1.405791583166332437e+01	4.816375734597569402e-02	1.248309162575520913e-08	2.591801867965815558e-07
1.409779559118236314e+01	4.790468717939341814e-02	1.208559540959381931e-08	2.522841943281185939e-07
1.413767535070140013e+01	4.764766700376544400e-02	1.170172386554390656e-08	2.455886006888680943e-07
1.417755511022043891e+01	4.739267562303128151e-02	1.133097728020060823e-08	2.390870979796322592e-07
1.421743486973947590e+01	4.713969210928410647e-02	1.097287545165589570e-08	2.327735918643134673e-07
1.425731462925851467e+01	4.688869579879291483e-02	1.062695688209315369e-08	2.266421938391114529e-07
1.429719438877755344e+01	4.663966628809203263e-02	1.029277800565267136e-08	2.206872137993965037e-07
1.433707414829659044e+01	4.639258343013628189e-02	9.969912449946675296e-09	2.149031528921127794e-07
1.437695390781562921e+01	4.614742733052072665e-02	9.657950329681330066e-09	2.092846966420988248e-07
1.441683366733466620e+01	4.590417834376401413e-02	9.356497570917530069e-09	2.038267083412155386e-07
1.445671342685370497e+01	4.566281706965365228e-02	9.065175264571728705e-09	1.985242226896293402e-07
1.449659318637274374e+01	4.542332434965257876e-02	8.783619047826324465e-09	1.933724396790765811e-07
1.453647294589178074e+01	4.518568126336556384e-02	8.511478512181483144e-09	1.883667187083487106e-07
1.457635270541081951e+01	4.494986912506435117e-02	8.248416636941336175e-09	1.835025729216631488e-07
1.461623246492985650e+01	4.471586948027068964e-02	7.994109246984782307e-09	1.787756637609809716e-07
1.465611222444889528e+01	4.448366410239586871e-02	7.748244493725386207e-09	1.741817957237041181e-07
1.469599198396793405e+01	4.425323498943599387e-02	7.510522358216994819e-09	1.697169113175541657e-07
1.473587174348697104e+01	4.402456436072179485e-02	7.280654175410750767e-09	1.653770862047749333e-07
1.477575150300600981e+01	4.379763465372196740e-02	7.058362178616030269e-09	1.611585245281323362e-07
1.481563126252504681e+01	4.357242852089929230e-02	6.843379063262570269e-09	1.570575544115054134e-07
1.485551102204408558e+01	4.334892882661814384e-02	6.635447569102875895e-09	1.530706236281534036e-07
1.489539078156312435e+01	4.312711864410304768e-02	6.434320080035027492e-09	1.491942954300476970e-07
1.493527054108216134e+01	4.290698125244660210e-02	6.239758240763312329e-09	1.454252445319143821e-07
1.497515030060120012e+01	4.268850013366660978e-02	6.051532589551529397e-09	1.417602532439161981e-07
1.501503006012023711e+01	4.247165896981100475e-02	5.869422206357651522e-09	1.381962077471392402e-07
1.505490981963927588e+01	4.225644164010994297e-02	5.693214375671983516e-09	1.347300945063004839e-07
1.509478957915831465e+01	4.204283221817413374e-02	5.522704263412033916e-09	1.313589968143177991e-07
1.513466933867735165e+01	4.183081496923862774e-02	5.357694607257384239e-09	1.280800914636089041e-07
1.517454909819639042e+01	4.162037434745110426e-02	5.197995419835945587e-09	1.248906455391907993e-07
1.521442885771542741e+01	4.141149499320407462e-02	5.043423704200442468e-09	1.217880133288620498e-07
1.525430861723446618e+01	4.120416173050998887e-02	4.893803181059204254e-09	1.187696333459332084e-07
1.529418837675350495e+01	4.099835956441862106e-02	4.748964027250307373e-09	1.158330254601651412e-07
1.533406813627254195e+01	4.079407367847596305e-02	4.608742624971095372e-09	1.129757881327451412e-07
1.537394789579158072e+01	4.059128943222369695e-02	4.472981321297448592e-09	1.101955957513027290e-07
1.541382765531061771e+01	4.038999235873889232e-02	4.341528197548468528e-09	1.074901960611320367e-07
1.545370741482965649e+01	4.019016816221280403e-02	4.214236848072050386e-09	1.048574076889361580e-07
1.549358717434869526e+01	3.999180271556836141e-02	4.090966168046374432e-09	1.022951177555646301e-07
1.553346693386773225e+01	3.979488205811549523e-02	3.971580149910368463e-09	9.980127957435248879e-08
1.557334669338677102e+01	3.959939239324374721e-02	3.855947688053755641e-09	9.737391043180848948e-08
1.561322645290580979e+01	3.940532008615141302e-02	3.743942391413859594e-09	9.501108944752941579e-08
1.565310621242484679e+01	3.921265166161062160e-02	3.635442403642144428e-09	9.271095551034258946e-08
1.569298597194388556e+01	3.902137380176766424e-02	3.530330230518515830e-09	9.047170528779772752e-08
1.573286573146292255e+01	3.883147334397810124e-02	3.428492574305966112e-09	8.829159130624770626e-08
1.577274549098196132e+01	3.864293727867569583e-02	3.329820174751453359e-09	8.616892009885971321e-08
1.581262525050100010e+01	3.845575274727510567e-02	3.234207656452497039e-09	8.410205041901478833e-08
1.585250501002003709e+01	3.826990704010716643e-02	3.141553382320901228e-09	8.208939151664330286e-08
1.589238476953907586e+01	3.808538759438662852e-02	3.051759312887259290e-09	8.012940147514885039e-08
1.593226452905811286e+01	3.790218199221157686e-02	2.964730871201084764e-09	7.822058560666242667e-08
1.597214428857715163e+01	3.772027795859399929e-02	2.880376813092140914e-09	7.636149490345657462e-08
1.601202404809619040e+01	3.753966335952105271e-02	2.798609102569035460e-09	7.455072454343769930e-08
1.605190380761522917e+01	3.736032620004633292e-02	2.719342792140754654e-09	7.278691244771257886e-08
1.609178356713426794e+01	3.718225462241080137e-02	2.642495907856388020e-09	7.106873788830655811e-08
1.613166332665330671e+01	3.700543690419273030e-02	2.567989338867086709e-09	6.939492014418379587e-08
1.617154308617234548e+01	3.682986145648622922e-02	2.495746731322953279e-09	6.776421720379344393e-08
1.621142284569138070e+01	3.665551682210783924e-02	2.425694386425628950e-09	6.617542451243337160e-08
1.625130260521041947e+01	3.648239167383061921e-02	2.357761162465131537e-09	6.462737376278951538e-08
1.629118236472945824e+01	3.631047481264552956e-02	2.291878380677053918e-09	6.311893172707512096e-08
1.633106212424849701e+01	3.613975516604928107e-02	2.227979734763042276e-09	6.164899912924895067e-08
1.637094188376753578e+01	3.597022178635844031e-02	2.166001203924549044e-09	6.021650955585701527e-08
1.641082164328657100e+01	3.580186384904926467e-02	2.105880969266105663e-09	5.882042840409349602e-08
1.645070140280560977e+01	3.563467065112282256e-02	2.047559333430609192e-09	5.745975186573226139e-08
1.649058116232464855e+01	3.546863160949499660e-02	1.990978643335049361e-09	5.613350594563287887e-08
1.653046092184368732e+01	3.530373625941091165e-02	1.936083215880600918e-09	5.484074551357151703e-08
1.657034068136272609e+01	3.513997425288339221e-02	1.882819266516537478e-09	5.358055338819845049e-08
1.661022044088176131e+01	3.497733535715504688e-02	1.831134840542456480e-09	5.235203945196686150e-08
1.665010020040080008e+01	3.481580945318351467e-02	1.780979747038221820e-09	5.115433979592196827e-08
1.668997995991983885e+01	3.465538653414963755e-02	1.732305495315809781e-09	4.998661589328356923e-08
1.672985971943887762e+01	3.449605670398797619e-02	1.685065233791564630e-09	4.884805380079166049e-08
1.676973947895791639e+01	3.433781017593942608e-02	1.639213691181812655e-09	4.773786338682753240e-08
1.680961923847695161e+01	3.418063727112553157e-02	1.594707119928771022e-09	4.665527758535728754e-08
1.684949899799599038e+01	3.402452841714408149e-02	1.551503241767640743e-09	4.559955167478172719e-08
1.688937875751502915e+01	3.386947414668571577e-02	1.509561195349525742e-09	4.456996258081093120e-08
1.692925851703406792e+01	3.371546509617116133e-02	1.468841485838346480e-09	4.356580820251395033e-08
1.696913827655310669e+01	3.356249200440864638e-02	1.429305936403377552e-09	4.258640676072650903e-08
1.700901803607214191e+01	3.341054571127136108e-02	1.390917641532323157e-09	4.163109616803067858e-08
1.704889779559118068e+01	3.325961715639443039e-02	1.353640922092871852e-09	4.069923341954714903e-08
1.708877755511021945e+01	3.310969737789120487e-02	1.317441282073829132e-09	3.979019400381298160e-08
1.712865731462925822e+01	3.296077751108854315e-02	1.282285366939607899e-09	3.890337133304049401e-08
1.716853707414829699e+01	3.281284878728061433e-02	1.248140923534701945e-09	3.803817619208132667e-08
1.720841683366733221e+01	3.266590253250117870e-02	1.214976761477389570e-09	3.719403620544510202e-08
1.724829659318637098e+01	3.251993016631374994e-02	1.182762715984314897e-09	3.637039532174325242e-08
1.728817635270540976e+01	3.237492320061963885e-02	1.151469612070146326e-09	3.556671331495568327e-08
1.732805611222444853e+01	3.223087323848335128e-02	1.121069230068652702e-09	3.478246530193624896e-08
1.736793587174348730e+01	3.208777197297509043e-02	1.091534272423817711e-09	3.401714127559644463e-08
1.740781563126252252e+01	3.194561118603030797e-02	1.062838331701726029e-09	3.327024565322767449e-08
1.744769539078156129e+01	3.180438274732558246e-02	1.034955859775869700e-09	3.254129683943948390e-08
1.748757515030060006e+01	3.166407861317113021e-02	1.007862138140586586e-09	3.182982680321389994e-08
1.752745490981963883e+01	3.152469082541915074e-02	9.815332493090446843e-10	3.113538066859040478e-08
1.756733466933867760e+01	3.138621151038800683e-02	9.559460492540458090e-10	3.045751631851626943e-08
1.760721442885771282e+01	3.124863287780206555e-02	9.310781408515885835e-10	2.979580401141305228e-08
1.764709418837675159e+01	3.111194721974662111e-02	9.069078482886988268e-10	2.914982601002512173e-08
1.768697394789579036e+01	3.097614690963811090e-02	8.834141923986940170e-10	2.851917622213442879e-08
1.772685370741482913e+01	3.084122440120889638e-02	8.605768668883863713e-10	2.790345985273704168e-08
1.776673346693386790e+01	3.070717222750671271e-02	8.383762154232773637e-10	2.730229306729458323e-08
1.780661322645290312e+01	3.057398299990847154e-02	8.167932095381034407e-10	2.671530266568633486e-08
1.784649298597194189e+01	3.044164940714803869e-02	7.958094273413742092e-10	2.614212576650033050e-08
1.788637274549098066e+01	3.031016421435805616e-02	7.754070329838676522e-10	2.558240950131685521e-08
1.792625250501001943e+01	3.017952026212517014e-02	7.555687568621311524e-10	2.503581071864678599e-08
1.796613226452905820e+01	3.004971046555894240e-02	7.362778765293371250e-10	2.450199569720353090e-08
1.800601202404809342e+01	2.992072781337376877e-02	7.175181982867730505e-10	2.398063986819402945e-08
1.804589178356713219e+01	2.979256536698388774e-02	6.992740394304368391e-10	2.347142754632912994e-08
1.808577154308617096e+01	2.966521625961120526e-02	6.815302111281546497e-10	2.297405166926252700e-08
1.812565130260520974e+01	2.953867369540563378e-02	6.642720019035967811e-10	2.248821354517741826e-08
1.816553106212424851e+01	2.941293094857787629e-02	6.474851617045393994e-10	2.201362260825099749e-08
1.820541082164328373e+01	2.928798136254441922e-02	6.311558865335810595e-10	2.154999618173578244e-08
1.824529058116232250e+01	2.916381834908440482e-02	6.152708036203638139e-10	2.109705924840531831e-08
1.828517034068136127e+01	2.904043538750850431e-02	5.998169571152285057e-10	2.065454422812250859e-08
1.832505010020040004e+01	2.891782602383927495e-02	5.847817942849252675e-10	2.022219076229461154e-08
1.836492985971943881e+01	2.879598387000297660e-02	5.701531521918400385e-10	1.979974550498944614e-08
1.840480961923847403e+01	2.867490260303273350e-02	5.559192448388753771e-10	1.938696192049419005e-08
1.844468937875751280e+01	2.855457596428261427e-02	5.420686507628086464e-10	1.898360008710523664e-08
1.848456913827655157e+01	2.843499775865285586e-02	5.285903010596696748e-10	1.858942650694664015e-08
1.852444889779559034e+01	2.831616185382563114e-02	5.154734678262388636e-10	1.820421392161933057e-08
1.856432865731462911e+01	2.819806217951146415e-02	5.027077530024413753e-10	1.782774113349199152e-08
1.860420841683366433e+01	2.808069272670606076e-02	4.902830775999803853e-10	1.745979283245025139e-08
1.864408817635270310e+01	2.796404754695736711e-02	4.781896713031016231e-10	1.710015942792698939e-08
1.868396793587174187e+01	2.784812075164274855e-02	4.664180624279492919e-10	1.674863688604321481e-08
1.872384769539078064e+01	2.773290651125605299e-02	4.549590682274590587e-10	1.640502657169392794e-08
1.876372745490981941e+01	2.761839905470449275e-02	4.438037855292686867e-10	1.606913509542008115e-08
1.880360721442885463e+01	2.750459266861511251e-02	4.329435816945710225e-10	1.574077416491222855e-08
1.884348697394789340e+01	2.739148169665076363e-02	4.223700858863183153e-10	1.541976044099734573e-08
1.888336673346693217e+01	2.727906053883542847e-02	4.120751806356188401e-10	1.510591539796519780e-08
1.892324649298597095e+01	2.716732365088869033e-02	4.020509936955801790e-10	1.479906518809512395e-08
1.896312625250500972e+01	2.705626554356926547e-02	3.922898901722726906e-10	1.449904051024928495e-08
1.900300601202404494e+01	2.694588078202747594e-02	3.827844649228808474e-10	1.420567648240293294e-08
1.904288577154308371e+01	2.683616398516641341e-02	3.735275352114605878e-10	1.391881251798604671e-08
1.908276553106212248e+01	2.672710982501186328e-02	3.645121336131172562e-10	1.363829220591588814e-08
1.912264529058116125e+01	2.661871302609063877e-02	3.557315011577270863e-10	1.336396319420299380e-08
1.916252505010020002e+01	2.651096836481731112e-02	3.471790807046811825e-10	1.309567707701776597e-08
1.920240480961923879e+01	2.640387066888922468e-02	3.388485105404494174e-10	1.283328928510860268e-08
1.924228456913827401e+01	2.629741481668962377e-02	3.307336181910525225e-10	1.257665897946564616e-08
1.928216432865731278e+01	2.619159573669871052e-02	3.228284144418382015e-10	1.232564894812814860e-08
1.932204408817635155e+01	2.608640840691274498e-02	3.151270875572469250e-10	1.208012550603708666e-08
1.936192384769539032e+01	2.598184785427073984e-02	3.076239976934973366e-10	1.183995839783704888e-08
1.940180360721442909e+01	2.587790915408887116e-02	3.003136714974132490e-10	1.160502070353554067e-08
1.944168336673346431e+01	2.577458742950248724e-02	2.931907968848547129e-10	1.137518874693056508e-08
1.948156312625250308e+01	2.567187785091535474e-02	2.862502179924392365e-10	1.115034200671972785e-08
1.952144288577154185e+01	2.556977563545642998e-02	2.794869302965117901e-10	1.093036303020821825e-08
1.956132264529058062e+01	2.546827604644366985e-02	2.728960758934972317e-10	1.071513734953425788e-08
1.960120240480961940e+01	2.536737439285496540e-02	2.664729389360206641e-10	1.050455340033440961e-08
1.964108216432865461e+01	2.526706602880614272e-02	2.602129412193755204e-10	1.029850244277334765e-08
1.968096192384769338e+01	2.516734635303568071e-02	2.541116379131024963e-10	1.009687848486463991e-08
1.972084168336673216e+01	2.506821080839639199e-02	2.481647134326675461e-10	9.899578208012627792e-09
1.976072144288577093e+01	2.496965488135365063e-02	2.423679774463693810e-10	9.706500894706406602e-09
1.980060120240480970e+01	2.487167410149022581e-02	2.367173610128177383e-10	9.517548358300273102e-09
1.984048096192384492e+01	2.477426404101765178e-02	2.312089128444747758e-10	9.332624874816561822e-09
1.988036072144288369e+01	2.467742031429386376e-02	2.258387956929179818e-10	9.151637116708901087e-09
1.992024048096192246e+01	2.458113857734729735e-02	2.206032828516504381e-10	8.974494088526354904e-09
1.996012024048096123e+01	2.448541452740701091e-02	2.154987547724153852e-10	8.801107064420058373e-09
2.000000000000000000e+01	2.439024390243902871e-02	2.105216957911382755e-10	8.631389527436667459e-09
